-1.6895752
-1.6902771
-1.6897888
-1.6897888
-1.6895752
-1.6902771
-1.6897888
-1.6897888
-1.6895752
-1.6902771
-1.6897888
-1.6897888
-1.6895752
-1.6902771
-1.6897888
-1.6897888
-1.6895752
-1.6902771
-1.6897888
-1.6897888
-1.6895752
-1.6902771
-1.6897888
-1.6897888
-1.6895752
-1.6902771
-1.6897888
-1.6897888
-1.6895752
-1.6902771
-1.6897888
-1.6897888
-1.6895752
-1.6902771
-1.6897888
-1.6897888
-1.6895752
-1.6902771
-1.6897888
-1.6897888
-1.6895752
-1.6902771
-1.6897888
-1.6897888
-1.686615
-1.6902771
-1.6897888
-1.6897888
-1.4337158
-1.6092224
-1.6897888
-1.6897888
-1.2618103
-1.3631287
-1.6468506
-1.6897888
-1.2461853
-1.2625427
-1.2464294
-1.6897888
-0.62509155
-0.6043396
-0.2894287
-0.95248413
-0.5020447
-0.23425293
0.39907837
-0.59606934
-0.2071228
-0.02331543
0.70669556
0.18032837
-1.6895752
-1.6902771
-1.6897888
-1.6897888
-1.6895752
-1.6902771
-1.6897888
-1.6897888
-1.6895752
-1.6902771
-1.6897888
-1.6897888
-1.6895752
-1.6902771
-1.6897888
-1.6897888
-1.6895752
-1.6902771
-1.6897888
-1.6897888
-1.6895752
-1.6902771
-1.6897888
-1.6897888
-1.6895752
-1.6902771
-1.6897888
-1.6897888
-1.6895752
-1.6902771
-1.6897888
-1.6897888
-1.6895752
-1.6902771
-1.6897888
-1.6897888
-1.6895752
-1.6902771
-1.6897888
-1.6897888
-1.6895752
-1.6902771
-1.6897888
-1.6897888
-1.6895752
-1.6902771
-1.6897888
-1.6897888
-1.4707947
-1.5779724
-1.6897888
-1.6897888
-1.29599
-1.3035889
-1.5960693
-1.6897888
-1.1416931
-1.172699
-1.0091248
-1.6888123
-0.67977905
-0.61901855
-0.33041382
-0.7113037
-0.41418457
-0.0066833496
0.2750244
0.32388306
-0.13293457
0.20620728
0.43518066
0.4527893
-1.6895752
-1.6902771
-1.6897888
-1.6897888
-1.6895752
-1.6902771
-1.6897888
-1.6897888
-1.6895752
-1.6902771
-1.6897888
-1.6897888
-1.6895752
-1.6902771
-1.6897888
-1.6897888
-1.6895752
-1.6902771
-1.6897888
-1.6897888
-1.6895752
-1.6902771
-1.6897888
-1.6897888
-1.6895752
-1.6902771
-1.6897888
-1.6897888
-1.6895752
-1.6902771
-1.6897888
-1.6897888
-1.6895752
-1.6902771
-1.6897888
-1.6897888
-1.6895752
-1.6902771
-1.6897888
-1.6897888
-1.6895752
-1.6902771
-1.6897888
-1.6897888
-1.6875916
-1.6902771
-1.6897888
-1.6897888
-1.2227783
-1.6131287
-1.6897888
-1.6897888
-1.138794
-1.048706
-1.5843201
-1.6897888
-0.8731384
-0.94125366
-0.9534607
-1.6497498
-0.65930176
-0.56140137
-0.75131226
-1.2230225
-0.23251343
-0.15710449
-0.032592773
-0.46228027
0.33779907
0.3985901
0.53286743
0.24963379
-1.6895752
-1.6902771
-1.6897888
-1.6897888
-1.6895752
-1.6902771
-1.6897888
-1.6897888
-1.6895752
-1.6902771
-1.6897888
-1.6897888
-1.6895752
-1.6902771
-1.6897888
-1.6897888
-1.6895752
-1.6902771
-1.6897888
-1.6897888
-1.6895752
-1.6902771
-1.6897888
-1.6897888
-1.6895752
-1.6902771
-1.6897888
-1.6897888
-1.6895752
-1.6902771
-1.6897888
-1.6897888
-1.6895752
-1.6902771
-1.6897888
-1.6897888
-1.6895752
-1.6902771
-1.6897888
-1.6897888
-1.6895752
-1.6902771
-1.6897888
-1.6897888
-1.6895752
-1.6902771
-1.6897888
-1.6897888
-1.6397705
-1.6902771
-1.6897888
-1.6897888
-1.3086853
-1.1150818
-1.6585693
-1.6897888
-1.0177002
-0.8104248
-0.26498413
-1.6868591
-1.0577087
-1.0398865
-0.888031
-0.52963257
-0.69641113
-0.8025818
-0.28259277
-0.019897461
0.41784668
0.0011291504
0.27212524
0.15200806
-1.6895752
-1.6902771
-1.6897888
-1.6897888
-1.6895752
-1.6902771
-1.6897888
-1.6897888
-1.6895752
-1.6902771
-1.6897888
-1.6897888
-1.6895752
-1.6902771
-1.6897888
-1.6897888
-1.6895752
-1.6902771
-1.6897888
-1.6897888
-1.6895752
-1.6902771
-1.6897888
-1.6897888
-1.6895752
-1.6902771
-1.6897888
-1.6897888
-1.6895752
-1.6902771
-1.6897888
-1.6897888
-1.6895752
-1.6902771
-1.6897888
-1.6897888
-1.6895752
-1.6902771
-1.6897888
-1.6897888
-1.6895752
-1.6902771
-1.6897888
-1.6897888
-1.6895752
-1.6902771
-1.6897888
-1.6897888
-1.6895752
-1.6902771
-1.6897888
-1.6897888
-1.6885681
-1.6902771
-1.6897888
-1.6897888
-1.3692627
-1.4949951
-1.6897888
-1.6897888
-0.97961426
-0.7547302
-1.4202576
-1.6897888
-0.6329346
-0.17953491
-0.18197632
-1.2376709
0.07510376
-0.14440918
0.3326416
0.65393066
0.34951782
0.20715332
0.94104004
1.0416565
-1.6895752
-1.6902771
-1.6897888
-1.6897888
-1.6895752
-1.6902771
-1.6897888
-1.6897888
-1.6895752
-1.6902771
-1.6897888
-1.6897888
-1.6895752
-1.6902771
-1.6897888
-1.6897888
-1.6895752
-1.6902771
-1.6897888
-1.6897888
-1.6895752
-1.6902771
-1.6897888
-1.6897888
-1.6895752
-1.6902771
-1.6897888
-1.6897888
-1.6895752
-1.6902771
-1.6897888
-1.6897888
-1.6895752
-1.6902771
-1.6897888
-1.6897888
-1.6895752
-1.6902771
-1.6897888
-1.6897888
-1.6895752
-1.6902771
-1.6897888
-1.6897888
-1.6895752
-1.6902771
-1.6897888
-1.6897888
-1.6895752
-1.6902771
-1.6897888
-1.6897888
-1.6895752
-1.6902771
-1.6897888
-1.6897888
-1.6895752
-1.6902771
-1.6897888
-1.6897888
-1.6622009
-1.6697998
-1.6859131
-1.6897888
-1.2315369
-1.2391357
-1.3460693
-1.6888123
-0.9444275
-0.6219177
-0.73275757
-1.644867
-0.055786133
0.13000488
0.057250977
-1.2444763
0.7460022
0.8878174
0.69885254
-0.03451538
-1.6895752
-1.6902771
-1.6897888
-1.6897888
-1.6895752
-1.6902771
-1.6897888
-1.6897888
-1.6895752
-1.6902771
-1.6897888
-1.6897888
-1.6895752
-1.6902771
-1.6897888
-1.6897888
-1.6895752
-1.6902771
-1.6897888
-1.6897888
-1.6895752
-1.6902771
-1.6897888
-1.6897888
-1.6895752
-1.6902771
-1.6897888
-1.6897888
-1.6895752
-1.6902771
-1.6897888
-1.6897888
-1.6895752
-1.6902771
-1.6897888
-1.6897888
-1.6895752
-1.6902771
-1.6897888
-1.6897888
-1.6895752
-1.6902771
-1.6897888
-1.6897888
-1.6895752
-1.6902771
-1.6897888
-1.6897888
-1.6895752
-1.6902771
-1.6897888
-1.6897888
-1.6895752
-1.6902771
-1.6897888
-1.6897888
-1.6895752
-1.6902771
-1.6897888
-1.6897888
-1.6817322
-1.4920349
-1.676117
-1.6897888
-1.1885681
-1.2185974
-1.0697021
-1.6897888
-0.82040405
-0.93151855
-1.0443115
-1.6400146
-0.78723145
-0.8514099
-0.9944763
-0.99642944
-0.39266968
-0.52233887
-0.78060913
-0.51208496
0.3338623
0.23937988
-0.1487732
0.31118774
-1.6895752
-1.6902771
-1.6897888
-1.6897888
-1.6895752
-1.6902771
-1.6897888
-1.6897888
-1.6895752
-1.6902771
-1.6897888
-1.6897888
-1.6895752
-1.6902771
-1.6897888
-1.6897888
-1.6895752
-1.6902771
-1.6897888
-1.6897888
-1.6895752
-1.6902771
-1.6897888
-1.6897888
-1.6895752
-1.6902771
-1.6897888
-1.6897888
-1.6895752
-1.6902771
-1.6897888
-1.6897888
-1.6895752
-1.6902771
-1.6897888
-1.6897888
-1.6895752
-1.6902771
-1.6897888
-1.6897888
-1.6895752
-1.6902771
-1.6897888
-1.6897888
-1.6895752
-1.6902771
-1.6897888
-1.6897888
-1.6895752
-1.6902771
-1.6897888
-1.6897888
-1.6895752
-1.6736755
-1.6897888
-1.6897888
-1.1612244
-1.079956
-1.4202576
-1.6302185
-0.46200562
-0.71569824
-0.79330444
-1.0999451
-0.33117676
-0.7498474
-0.84213257
-1.1273193
-0.19055176
-0.3416443
-0.21517944
-0.22201538
0.16687012
0.2315979
0.22525024
0.48892212
0.35925293
0.36050415
0.28286743
0.65005493
-1.6895752
-1.6902771
-1.6897888
-1.6897888
-1.6895752
-1.6902771
-1.6897888
-1.6897888
-1.6895752
-1.6902771
-1.6897888
-1.6897888
-1.6895752
-1.6902771
-1.6897888
-1.6897888
-1.6895752
-1.6902771
-1.6897888
-1.6897888
-1.6895752
-1.6902771
-1.6897888
-1.6897888
-1.6895752
-1.6902771
-1.6897888
-1.6897888
-1.6895752
-1.6902771
-1.6897888
-1.6897888
-1.6895752
-1.6902771
-1.6897888
-1.6897888
-1.6895752
-1.6902771
-1.6897888
-1.6897888
-1.6895752
-1.6902771
-1.6897888
-1.6897888
-1.6895752
-1.6902771
-1.6897888
-1.6897888
-1.6895752
-1.6902771
-1.6897888
-1.6897888
-1.6895752
-1.6902771
-1.6897888
-1.6897888
-1.663208
-1.4500427
-1.6897888
-1.6897888
-1.0782166
-0.860199
-1.62146
-1.6888123
-0.6426697
-0.58969116
-0.7503662
-1.6253357
-0.88583374
-0.860199
-0.7503662
-1.1614685
-0.62802124
-0.52819824
-0.41638184
-0.31481934
-0.17883301
-0.0037841797
-0.05114746
0.2340393
-0.16708374
0.030426025
-0.1487732
0.20083618
-1.6895752
-1.6902771
-1.6897888
-1.6897888
-1.6895752
-1.6902771
-1.6897888
-1.6897888
-1.6895752
-1.6902771
-1.6897888
-1.6897888
-1.6895752
-1.6902771
-1.6897888
-1.6897888
-1.6895752
-1.6902771
-1.6897888
-1.6897888
-1.6895752
-1.6902771
-1.6897888
-1.6897888
-1.6895752
-1.6902771
-1.6897888
-1.6897888
-1.6895752
-1.6902771
-1.6897888
-1.6897888
-1.6895752
-1.6902771
-1.6897888
-1.6897888
-1.6895752
-1.6902771
-1.6897888
-1.6897888
-1.6885681
-1.3797607
-1.6897888
-1.6897888
-1.3302002
-1.0975037
-1.6897888
-1.6897888
-0.4210205
-0.8387146
-1.6712646
-1.6897888
0.17080688
-0.4666443
-0.62435913
-1.4905701
-0.32235718
-0.4510498
-0.38705444
-0.19467163
-0.50302124
-0.52523804
-0.37731934
-0.29431152
-0.460083
-0.28793335
-0.12435913
-0.091156006
-1.6895752
-1.6902771
-1.6897888
-1.6897888
-1.6895752
-1.6902771
-1.6897888
-1.6897888
-1.6895752
-1.6902771
-1.6897888
-1.6897888
-1.6895752
-1.6902771
-1.6897888
-1.6897888
-1.6895752
-1.6902771
-1.6897888
-1.6897888
-1.6895752
-1.6902771
-1.6897888
-1.6897888
-1.6895752
-1.6863708
-1.6897888
-1.6897888
-1.6895752
-1.4139404
-1.6897888
-1.6897888
-1.648529
-1.0652771
-1.6897888
-1.6897888
-1.2559509
-1.0291748
-1.6575623
-1.6897888
-0.491333
-0.7498474
-0.8860779
-1.6497498
-0.28137207
-0.37973022
-0.043304443
-0.1487732
-0.16122437
-0.25668335
0.072906494
-0.14196777
0.04776001
-0.3074646
0.09439087
0.14709473
-1.6895752
-1.6897888
-1.6895752
-1.6902771
-1.6895752
-1.6897888
-1.6895752
-1.6902771
-1.6895752
-1.6897888
-1.6895752
-1.6902771
-1.6895752
-1.6897888
-1.6895752
-1.6902771
-1.6895752
-1.6897888
-1.6895752
-1.6902771
-1.6895752
-1.6897888
-1.6895752
-1.6902771
-1.6895752
-1.6897888
-1.6895752
-1.6902771
-1.6895752
-1.6897888
-1.6895752
-1.6902771
-1.6895752
-1.6897888
-1.6895752
-1.6902771
-1.6895752
-1.6897888
-1.6895752
-1.6902771
-1.6895752
-1.6839294
-1.6895752
-1.6902771
-1.6299438
-1.4798279
-1.6895752
-1.6902771
-1.3663025
-1.4153442
-1.6885986
-1.6902771
-1.1280212
-1.6751404
-1.6065369
-1.6482849
-0.8399658
-1.223999
-1.0879822
-1.2840576
-0.5010376
-0.84017944
-0.8331299
-0.610199
0.33389282
-0.1331482
0.23522949
0.1534729
0.47451782
-0.06283569
0.52819824
0.6505432
-1.6895752
-1.6897888
-1.6895752
-1.6902771
-1.6895752
-1.6897888
-1.6895752
-1.6902771
-1.6895752
-1.6897888
-1.6895752
-1.6902771
-1.6895752
-1.6897888
-1.6895752
-1.6902771
-1.6895752
-1.6897888
-1.6895752
-1.6902771
-1.6895752
-1.6897888
-1.6895752
-1.6902771
-1.6895752
-1.6897888
-1.6895752
-1.6902771
-1.6895752
-1.6897888
-1.6895752
-1.6902771
-1.6895752
-1.6897888
-1.6895752
-1.6902771
-1.6895752
-1.6897888
-1.6895752
-1.6902771
-1.6895752
-1.6497498
-1.6895752
-1.6902771
-1.5723572
-1.3743286
-1.6895752
-1.6902771
-1.2520447
-1.3538208
-1.6153564
-1.6873169
-0.80184937
-1.1370239
-1.4776611
-1.3387451
-0.27059937
-0.6643982
0.051635742
-0.40316772
0.24307251
-0.3909607
0.43743896
0.26574707
0.39346313
-0.07458496
0.5526428
0.51382446
0.75183105
0.22332764
1.0272522
0.7569885
-1.6895752
-1.6897888
-1.6895752
-1.6902771
-1.6895752
-1.6897888
-1.6895752
-1.6902771
-1.6895752
-1.6897888
-1.6895752
-1.6902771
-1.6895752
-1.6897888
-1.6895752
-1.6902771
-1.6895752
-1.6897888
-1.6895752
-1.6902771
-1.6895752
-1.6897888
-1.6895752
-1.6902771
-1.6895752
-1.6897888
-1.6895752
-1.6902771
-1.6895752
-1.6897888
-1.6895752
-1.6902771
-1.6895752
-1.6897888
-1.6895752
-1.6902771
-1.6895752
-1.6741333
-1.6895752
-1.6902771
-1.6641235
-1.4583435
-1.6895752
-1.6902771
-1.3966064
-1.419281
-1.6895752
-1.6902771
-1.2901001
-1.43396
-1.5401611
-1.5701904
-1.1885681
-1.2893982
-1.0879822
-1.2098389
-0.7383423
-1.0882568
-0.95321655
-0.8885193
-0.1807251
-0.7200928
-0.8711853
-0.27819824
0.3768921
-0.38897705
-0.1583252
0.3439026
0.9667053
0.030914307
0.21472168
0.6769104
-1.6895752
-1.6897888
-1.6895752
-1.6902771
-1.6895752
-1.6897888
-1.6895752
-1.6902771
-1.6895752
-1.6897888
-1.6895752
-1.6902771
-1.6895752
-1.6897888
-1.6895752
-1.6902771
-1.6895752
-1.6897888
-1.6895752
-1.6902771
-1.6895752
-1.6897888
-1.6895752
-1.6902771
-1.6895752
-1.6897888
-1.6895752
-1.6902771
-1.6895752
-1.6897888
-1.6895752
-1.6902771
-1.6895752
-1.6897888
-1.6895752
-1.6902771
-1.6895752
-1.5140076
-1.6895752
-1.6902771
-1.609436
-1.3392334
-1.6895752
-1.6902771
-1.2862244
-1.4114685
-1.6895752
-1.6902771
-1.1123657
-1.324585
-1.5909119
-1.5603943
-0.77645874
-1.0784607
-0.8965759
-1.1111755
-0.37609863
-0.87924194
-0.67196655
-0.92074585
0.097595215
-0.39779663
-0.39364624
-0.5555115
1.1063232
0.32388306
0.12585449
0.19055176
1.0985107
0.5758362
0.48135376
1.0763245
-1.6895752
-1.6897888
-1.6895752
-1.6902771
-1.6895752
-1.6897888
-1.6895752
-1.6902771
-1.6895752
-1.6897888
-1.6895752
-1.6902771
-1.6895752
-1.6897888
-1.6895752
-1.6902771
-1.6895752
-1.6897888
-1.6895752
-1.6902771
-1.6895752
-1.6897888
-1.6895752
-1.6902771
-1.6895752
-1.6897888
-1.6895752
-1.6902771
-1.6895752
-1.6897888
-1.6895752
-1.6902771
-1.6895752
-1.6897888
-1.6895752
-1.6902771
-1.6895752
-1.6859131
-1.6895752
-1.6902771
-1.6895752
-1.4016724
-1.6895752
-1.6902771
-1.624115
-1.2913818
-1.6895752
-1.6902771
-1.3604431
-1.3118896
-1.6895752
-1.6902771
-1.0625916
-1.2884216
-1.6856384
-1.6023865
-0.72177124
-1.1009521
-1.0841064
-1.0125732
-0.13293457
-0.6643982
-0.35263062
-0.30160522
0.7567444
-0.13018799
0.19519043
0.48062134
0.98327637
0.29556274
0.6141968
0.9317627
1.1991577
0.89123535
1.2342529
1.6476135
-1.6895752
-1.6897888
-1.6895752
-1.6902771
-1.6895752
-1.6897888
-1.6895752
-1.6902771
-1.6895752
-1.6897888
-1.6895752
-1.6902771
-1.6895752
-1.6897888
-1.6895752
-1.6902771
-1.6895752
-1.6897888
-1.6895752
-1.6902771
-1.6895752
-1.6897888
-1.6895752
-1.6902771
-1.6895752
-1.6897888
-1.6895752
-1.6902771
-1.6895752
-1.6897888
-1.6895752
-1.6902771
-1.6895752
-1.6897888
-1.6895752
-1.6902771
-1.6895752
-1.6897888
-1.6895752
-1.6902771
-1.6895752
-1.6087341
-1.6895752
-1.6902771
-1.6592712
-1.3469849
-1.6895752
-1.6902771
-1.3067322
-1.3226013
-1.6817627
-1.6902771
-1.1348572
-1.2405701
-1.5567322
-1.6902771
-0.9902954
-1.2395935
-1.5684204
-1.6766052
-0.77645874
-1.0784607
-1.5987244
-1.282074
-0.33605957
-0.81381226
-1.2149048
-1.0809326
0.38272095
-0.3265381
-0.9834595
-0.7586365
1.1307678
0.26235962
0.07608032
0.13394165
1.2655334
0.54751587
0.87298584
0.99038696
-1.6895752
-1.6897888
-1.6895752
-1.6902771
-1.6895752
-1.6897888
-1.6895752
-1.6902771
-1.6895752
-1.6897888
-1.6895752
-1.6902771
-1.6895752
-1.6897888
-1.6895752
-1.6902771
-1.6895752
-1.6897888
-1.6895752
-1.6902771
-1.6895752
-1.6897888
-1.6895752
-1.6902771
-1.6895752
-1.6897888
-1.6895752
-1.6902771
-1.6895752
-1.6897888
-1.6895752
-1.6902771
-1.6895752
-1.6897888
-1.6895752
-1.6902771
-1.6895752
-1.6897888
-1.6895752
-1.6902771
-1.6895752
-1.6322021
-1.6895752
-1.6902771
-1.6475525
-1.2464294
-1.6895752
-1.6902771
-1.35849
-1.466156
-1.6895752
-1.6902771
-1.0089111
-1.2874451
-1.5518494
-1.6844177
-0.8086853
-0.93200684
-1.0342712
-1.6404724
-0.66223145
-0.7845154
-0.9337158
-1.1014404
-0.63778687
-0.6800537
-0.9932556
-1.2722778
-0.58703613
-0.6507263
-0.9561157
-1.0105896
-0.1368103
-0.3597412
-0.42492676
-0.37680054
0.6581116
0.41079712
0.37005615
0.35757446
0.97940063
0.6373596
0.7088928
0.62609863
-1.6895752
-1.6897888
-1.6895752
-1.6902771
-1.6895752
-1.6897888
-1.6895752
-1.6902771
-1.6895752
-1.6897888
-1.6895752
-1.6902771
-1.6895752
-1.6897888
-1.6895752
-1.6902771
-1.6895752
-1.6897888
-1.6895752
-1.6902771
-1.6895752
-1.6897888
-1.6895752
-1.6902771
-1.6895752
-1.6897888
-1.6895752
-1.6902771
-1.6895752
-1.6897888
-1.6895752
-1.6902771
-1.6895752
-1.6897888
-1.6895752
-1.6902771
-1.6895752
-1.5706787
-1.6895752
-1.6902771
-1.686615
-1.3274536
-1.6895752
-1.6902771
-1.4454346
-1.2503662
-1.6875916
-1.6854248
-1.0430908
-1.0706482
-1.3624268
-1.4558716
-0.5215454
-0.7893677
-1.0108032
-1.0339966
-0.22174072
-0.5383911
-0.6319275
-0.5028076
-0.35064697
-0.18981934
-0.37313843
-0.3748169
0.16201782
0.28189087
0.033111572
-0.28207397
0.53115845
0.30239868
0.091674805
-0.044769287
0.36221313
0.34927368
0.010620117
0.15637207
0.9413452
0.82385254
0.27334595
0.3517151
-1.6895752
-1.6897888
-1.6895752
-1.6902771
-1.6895752
-1.6897888
-1.6895752
-1.6902771
-1.6895752
-1.6897888
-1.6895752
-1.6902771
-1.6895752
-1.6897888
-1.6895752
-1.6902771
-1.6895752
-1.6897888
-1.6895752
-1.6902771
-1.6895752
-1.6897888
-1.6895752
-1.6902771
-1.6895752
-1.6897888
-1.6895752
-1.6902771
-1.6895752
-1.6897888
-1.6895752
-1.6902771
-1.6895752
-1.6897888
-1.6895752
-1.6902771
-1.6895752
-1.6897888
-1.6895752
-1.6902771
-1.6895752
-1.5657654
-1.6895752
-1.6902771
-1.6729431
-1.1809998
-1.6895752
-1.6902771
-1.1993408
-1.1468201
-1.5381775
-1.6893005
-0.9005127
-1.012085
-1.1270447
-1.5115662
-0.4571228
-0.59994507
-0.78915405
-0.9275818
-0.11242676
-0.39294434
-0.51083374
-0.8748474
-0.22174072
-0.27474976
-0.53622437
-0.74884033
-0.07626343
-0.16931152
-0.45812988
-0.59259033
0.26455688
0.37075806
-0.11727905
-0.17663574
0.2821045
0.50064087
0.033111572
0.18963623
0.289917
0.5982666
0.16983032
0.2033081
-1.6895752
-1.6897888
-1.6895752
-1.6902771
-1.6895752
-1.6897888
-1.6895752
-1.6902771
-1.6895752
-1.6897888
-1.6895752
-1.6902771
-1.6895752
-1.6897888
-1.6895752
-1.6902771
-1.6895752
-1.6897888
-1.6895752
-1.6902771
-1.6895752
-1.6897888
-1.6895752
-1.6902771
-1.6895752
-1.5530701
-1.6895752
-1.6902771
-1.5713806
-1.2923584
-1.656311
-1.6873169
-1.1006775
-1.074585
-1.2442322
-1.485199
-0.8692322
-0.95443726
-1.0938416
-1.1873474
-0.5586853
-0.6565857
-0.7305908
-0.88168335
-0.09283447
-0.2581787
-0.7989502
-0.8905029
0.22451782
-0.055999756
-0.38391113
-0.45980835
0.5126343
0.40197754
-0.08114624
-0.107299805
0.40127563
0.5934143
0.091674805
0.10366821
0.40423584
0.6178589
0.20013428
0.32925415
0.8807373
0.9244995
0.4022522
0.8380127
-1.6895752
-1.6897888
-1.6895752
-1.6902771
-1.6895752
-1.6897888
-1.6895752
-1.6902771
-1.6895752
-1.6897888
-1.6895752
-1.6902771
-1.6895752
-1.3089294
-1.6895752
-1.6902771
-1.5889282
-1.0003052
-1.6299438
-1.6873169
-1.0694275
-0.8001404
-1.1817322
-1.2205505
-0.7383423
-0.78063965
-0.9024048
-1.0086365
-0.35165405
-0.34506226
-0.7872009
-0.8171997
-0.15048218
-0.11166382
-0.7754822
-0.70199585
-0.14950562
0.03677368
-0.46102905
-0.58483887
-0.091918945
0.11682129
-0.35263062
-0.6170349
0.24017334
0.36688232
0.042907715
-0.37191772
0.6092529
0.6168518
0.37979126
0.00012207031
0.8885498
0.88931274
0.9569092
0.60757446
