-1.690033
-1.6897583
-1.690033
-1.6897583
-1.690033
-1.6897583
-1.690033
-1.6897583
-1.690033
-1.6897583
-1.690033
-1.6897583
-1.690033
-1.6897583
-1.690033
-1.6897583
-1.690033
-1.6897583
-1.690033
-1.6897583
-1.690033
-1.6897583
-1.690033
-1.6897583
-1.690033
-1.6897583
-1.690033
-1.6897583
-1.690033
-1.6897583
-1.690033
-1.6897583
-1.690033
-1.6897583
-1.690033
-1.6897583
-1.690033
-1.6897583
-1.690033
-1.6897583
-1.690033
-1.6897583
-1.690033
-1.6897583
-1.690033
-1.6897583
-1.690033
-1.6897583
-1.690033
-1.6897583
-1.690033
-1.6897583
-1.690033
-1.6897583
-1.690033
-1.6897583
-1.690033
-1.6897583
-1.690033
-1.6897583
-1.690033
-1.6897583
-1.690033
-1.6897583
-1.3336182
-1.4895935
-1.690033
-1.6897583
-0.80718994
-0.7972412
-1.558197
-1.6810303
-1.690033
-1.6897583
-1.690033
-1.6897583
-1.690033
-1.6897583
-1.690033
-1.6897583
-1.690033
-1.6897583
-1.690033
-1.6897583
-1.690033
-1.6897583
-1.690033
-1.6897583
-1.690033
-1.6897583
-1.690033
-1.6897583
-1.690033
-1.6897583
-1.690033
-1.6897583
-1.690033
-1.6897583
-1.690033
-1.6897583
-1.690033
-1.6897583
-1.690033
-1.6897583
-1.690033
-1.6897583
-1.690033
-1.6897583
-1.690033
-1.6897583
-1.690033
-1.6897583
-1.690033
-1.6897583
-1.690033
-1.6897583
-1.690033
-1.6897583
-1.690033
-1.6897583
-1.690033
-1.6897583
-1.690033
-1.6897583
-1.690033
-1.6897583
-1.690033
-1.6897583
-1.690033
-1.6897583
-1.690033
-1.6897583
-1.690033
-1.6897583
-1.6880493
-1.6888123
-0.5239868
-0.62628174
-0.714447
-0.9017029
-0.44006348
-0.15267944
-0.20080566
-0.65856934
-1.690033
-1.6897583
-1.690033
-1.684906
-1.690033
-1.6897583
-1.690033
-1.6897583
-1.690033
-1.6897583
-1.690033
-1.6897583
-1.690033
-1.6897583
-1.690033
-1.6897583
-1.690033
-1.6897583
-1.690033
-1.6897583
-1.690033
-1.6897583
-1.690033
-1.6897583
-1.690033
-1.6897583
-1.690033
-1.6897583
-1.690033
-1.6897583
-1.690033
-1.6897583
-1.690033
-1.6897583
-1.690033
-1.6897583
-1.690033
-1.6897583
-1.690033
-1.6897583
-1.690033
-1.6897583
-1.690033
-1.6897583
-1.690033
-1.6897583
-1.690033
-1.6897583
-1.690033
-1.6897583
-1.690033
-1.6897583
-1.690033
-1.6897583
-1.690033
-1.6897583
-1.690033
-1.6897583
-1.690033
-1.6897583
-1.690033
-1.6897583
-1.690033
-1.6751404
-1.674408
-1.660492
-1.6392517
-1.5510864
0.38027954
-0.23275757
-0.3482666
-1.1400146
-1.690033
-1.6897583
-1.690033
-0.9065552
-1.690033
-1.6897583
-1.690033
-1.5091248
-1.690033
-1.6897583
-1.690033
-1.6897583
-1.690033
-1.6897583
-1.690033
-1.6897583
-1.690033
-1.6897583
-1.690033
-1.6897583
-1.690033
-1.6897583
-1.690033
-1.6897583
-1.690033
-1.6897583
-1.690033
-1.6897583
-1.690033
-1.6897583
-1.690033
-1.6897583
-1.690033
-1.6897583
-1.690033
-1.6897583
-1.690033
-1.6897583
-1.690033
-1.6897583
-1.690033
-1.6897583
-1.690033
-1.6897583
-1.690033
-1.6897583
-1.690033
-1.6897583
-1.690033
-1.6897583
-1.690033
-1.6897583
-1.690033
-1.6897583
-1.690033
-1.6897583
-1.690033
-1.6897583
-1.690033
-1.6888123
-1.6890869
-1.6741333
-1.5308228
-1.1116943
-1.4546814
-1.2640076
-1.2515869
-0.94955444
0.2328186
-0.38806152
-0.43902588
-0.39678955
-1.690033
-1.6897583
-1.4967041
-0.97595215
-1.690033
-1.6897583
-1.6890869
-1.0140381
-1.690033
-1.6897583
-1.690033
-1.3724365
-1.690033
-1.6897583
-1.690033
-1.6897583
-1.690033
-1.6897583
-1.690033
-1.6897583
-1.690033
-1.6897583
-1.690033
-1.6897583
-1.690033
-1.6897583
-1.690033
-1.6897583
-1.690033
-1.6897583
-1.690033
-1.6897583
-1.690033
-1.6897583
-1.690033
-1.6897583
-1.690033
-1.6897583
-1.690033
-1.6897583
-1.690033
-1.6897583
-1.690033
-1.6897583
-1.690033
-1.6897583
-1.690033
-1.6897583
-1.690033
-1.6897583
-1.690033
-1.6897583
-1.690033
-1.6897583
-1.690033
-1.6897583
-1.690033
-1.6897583
-1.690033
-1.6897583
-1.690033
-1.6897583
-1.690033
-1.6897583
-1.158783
0.21252441
-0.36972046
-1.5804443
-0.14416504
0.65200806
0.23184204
-0.0013427734
0.42617798
0.5387268
0.30117798
0.658844
-1.690033
-1.6897583
-1.690033
-1.690033
-1.6897583
-1.690033
-1.4944458
-1.690033
-1.6897583
-1.690033
-1.6712646
-1.690033
-1.6897583
-1.690033
-1.6888123
-1.690033
-1.6897583
-1.690033
-1.6897583
-1.690033
-1.6897583
-1.690033
-1.6897583
-1.690033
-1.6897583
-1.690033
-1.6897583
-1.690033
-1.6897583
-1.690033
-1.6897583
-1.690033
-1.6897583
-1.690033
-1.6897583
-1.690033
-1.6897583
-1.690033
-1.6897583
-1.690033
-1.6897583
-1.690033
-1.6897583
-1.690033
-1.6897583
-1.690033
-1.6897583
-1.690033
-1.6897583
-1.690033
-1.6897583
-1.690033
-1.6897583
-1.690033
-1.6897583
-1.690033
-1.6897583
-1.690033
-1.6897583
-1.690033
-1.6897583
-1.690033
-1.6897583
-1.690033
-1.6897583
-1.690033
-1.6897583
-1.011322
-0.5325928
-1.1841736
-1.6722107
0.026763916
0.015319824
-0.012329102
-0.81088257
-0.056274414
0.4635315
0.17227173
0.346344
-1.690033
-1.6897583
-1.690033
-1.6897583
-1.690033
-1.6897583
-1.690033
-1.6897583
-1.690033
-1.6897583
-1.690033
-1.6897583
-1.690033
-1.6897583
-1.690033
-1.6897583
-1.690033
-1.6897583
-1.690033
-1.6897583
-1.690033
-1.6897583
-1.690033
-1.6897583
-1.690033
-1.6897583
-1.690033
-1.6897583
-1.690033
-1.6897583
-1.690033
-1.6897583
-1.690033
-1.6897583
-1.690033
-1.6897583
-1.690033
-1.6897583
-1.690033
-1.6897583
-1.690033
-1.6897583
-1.690033
-1.6897583
-1.690033
-1.6897583
-1.690033
-1.6897583
-1.690033
-1.6897583
-1.690033
-1.6897583
-1.690033
-1.6897583
-1.690033
-1.6897583
-1.690033
-1.6897583
-1.690033
-1.6897583
-1.690033
-1.6897583
-1.690033
-1.6897583
-1.6265564
-1.6575623
-1.6841736
-1.6810303
-1.2769775
-1.3890076
-1.6783142
-1.3684998
-1.5083923
-1.4857178
-1.6412354
-1.2210083
-0.6939087
-0.9642029
-1.0758057
-1.052124
0.60391235
0.42544556
0.23382568
-0.031585693
-1.690033
-1.6897583
-1.690033
-1.6897583
-1.690033
-1.6897583
-1.690033
-1.6897583
-1.690033
-1.6897583
-1.690033
-1.6897583
-1.690033
-1.6897583
-1.690033
-1.6897583
-1.690033
-1.6897583
-1.690033
-1.6897583
-1.690033
-1.6897583
-1.690033
-1.6897583
-1.690033
-1.6897583
-1.690033
-1.6897583
-1.690033
-1.6897583
-1.690033
-1.6897583
-1.690033
-1.6897583
-1.690033
-1.6897583
-1.690033
-1.6897583
-1.690033
-1.6897583
-1.690033
-1.6897583
-1.690033
-1.6897583
-1.690033
-1.6897583
-1.690033
-1.6897583
-1.690033
-1.6897583
-1.690033
-1.6897583
-1.690033
-1.6897583
-1.690033
-1.6897583
-1.690033
-1.6897583
-1.690033
-1.6897583
-1.5533447
-1.2435303
-1.6421814
-1.6419373
-1.0513611
-0.73275757
-1.245697
-0.61654663
-1.151001
-0.92123413
-1.0835876
-0.2503357
-0.48202515
-0.49545288
-0.55041504
-0.16244507
0.07659912
-0.032592773
-0.2545166
-0.32650757
-1.690033
-1.6897583
-1.690033
-1.6897583
-1.690033
-1.6897583
-1.690033
-1.6897583
-1.690033
-1.6897583
-1.690033
-1.6897583
-1.690033
-1.6897583
-1.690033
-1.622406
-1.690033
-1.6897583
-1.690033
-1.7630615
-1.690033
-1.6897583
-1.690033
-1.607727
-1.690033
-1.6897583
-1.690033
-1.6897583
-1.690033
-1.6897583
-1.690033
-1.6897583
-1.690033
-1.6897583
-1.690033
-1.6897583
-1.690033
-1.6897583
-1.690033
-1.6897583
-1.690033
-1.6897583
-1.690033
-1.6897583
-1.690033
-1.6897583
-1.690033
-1.6897583
-1.690033
-1.6897583
-1.690033
-1.6897583
-1.690033
-1.6897583
-1.690033
-1.6897583
-1.690033
-1.6897583
-1.690033
-1.6897583
-1.690033
-1.6897583
-1.6880493
-1.6868896
-1.6695557
-1.6790466
-1.690033
-1.4895935
-1.1470337
-1.0169678
-1.542572
-1.3958435
-0.558197
-0.33041382
-0.82281494
-0.90560913
-0.5465088
-0.19467163
-0.42340088
-0.40368652
-0.46347046
-0.11462402
-0.23690796
0.083618164
-1.690033
-1.6897583
-1.690033
-1.6897583
-1.690033
-1.6897583
-1.690033
-1.6897583
-1.690033
-1.6897583
-1.690033
-1.6897583
-1.690033
-1.6897583
-1.690033
-1.6897583
-1.690033
-1.6897583
-1.690033
-1.6897583
-1.690033
-1.6897583
-1.690033
-1.6897583
-1.690033
-1.6897583
-1.690033
-1.6897583
-1.690033
-1.6897583
-1.690033
-1.6897583
-1.690033
-1.6897583
-1.690033
-1.6897583
-1.690033
-1.6897583
-1.690033
-1.6897583
-1.690033
-1.6897583
-1.690033
-1.6897583
-1.6421814
-1.5775146
-1.5914307
-1.6702576
-1.4614868
-1.4436951
-1.3794861
-1.5042114
-1.5523376
-1.2659912
-1.1421814
-1.1507263
-1.1646423
-0.8831482
-0.66464233
-0.8909912
-0.89904785
-0.3782959
-0.60998535
-0.50912476
-0.46932983
0.16177368
-0.10800171
-0.10971069
-1.690033
-1.6897583
-1.690033
-1.6897583
-1.690033
-1.6897583
-1.690033
-1.6897583
-1.690033
-1.6897583
-1.690033
-1.6897583
-1.690033
-1.6897583
-1.690033
-1.6897583
-1.690033
-1.6897583
-1.690033
-1.6897583
-1.690033
-1.6897583
-1.690033
-1.6897583
-1.690033
-1.6897583
-1.690033
-1.6897583
-1.690033
-1.6897583
-1.690033
-1.6897583
-1.651001
-1.5970154
-1.4712524
-1.5481567
-1.448822
-1.191742
-1.2476196
-1.2044373
-1.2896729
-0.84213257
-1.1626587
-1.1819763
-1.120697
-0.68688965
-0.9713135
-1.0188904
-0.9342041
-0.39291382
-0.84820557
-0.9485779
-0.25253296
0.6773987
0.017974854
-0.23861694
-1.6898193
-1.6898193
-1.6898193
-1.6898193
-1.6898193
-1.6898193
-1.6898193
-1.6898193
-1.6898193
-1.6898193
-1.6898193
-1.6898193
-1.6898193
-1.6898193
-1.6898193
-1.6898193
-1.6898193
-1.6898193
-1.6898193
-1.6898193
-1.6898193
-1.6898193
-1.6898193
-1.6898193
-1.6898193
-1.6898193
-1.6898193
-1.6898193
-1.6898193
-1.6898193
-1.6898193
-1.6898193
-1.6898193
-1.6898193
-1.6898193
-1.6898193
-1.6898193
-1.6898193
-1.6898193
-1.6898193
-1.6898193
-1.6898193
-1.6898193
-1.6898193
-1.6898193
-1.6898193
-1.6898193
-1.6898193
-1.6898193
-1.6898193
-1.6898193
-1.6898193
-1.6898193
-1.6898193
-1.6898193
-1.6419678
-1.6898193
-1.6898193
-1.6155701
-1.6790466
-1.6898193
-1.6898193
-1.6429443
-1.6868591
-1.6898193
-1.6898193
-1.6888428
-1.6712341
-1.6898193
-1.6898193
-1.6898193
-1.4349365
-1.6898193
-1.6898193
-1.6898193
-1.6898193
-1.6898193
-1.6898193
-1.6898193
-1.6898193
-1.6898193
-1.6898193
-1.6898193
-1.6898193
-1.6898193
-1.6898193
-1.6898193
-1.6898193
-1.6898193
-1.6898193
-1.6898193
-1.6898193
-1.6898193
-1.6898193
-1.6898193
-1.6898193
-1.6898193
-1.6898193
-1.6898193
-1.6898193
-1.6898193
-1.6898193
-1.6898193
-1.6898193
-1.6898193
-1.6898193
-1.6898193
-1.6898193
-1.6898193
-1.6898193
-1.6898193
-1.6898193
-1.6898193
-1.6898193
-1.6898193
-1.6898193
-1.6898193
-1.6898193
-1.6898193
-1.6898193
-1.6898193
-1.6898193
-1.6898193
-1.6898193
-1.6898193
-1.6898193
-1.6898193
-1.6272888
-1.6898193
-1.6898193
-1.6898193
-1.2503357
-1.6898193
-1.6898193
-1.6751709
-1.2083435
-1.6898193
-1.6898193
-1.6351013
-1.1839294
-1.6898193
-1.6898193
-1.660492
-1.0218201
-1.6898193
-1.6898193
-1.6810303
-1.668335
-1.6898193
-1.6898193
-1.6858826
-1.6624756
-1.6898193
-1.6898193
-1.6898193
-1.6898193
-1.6898193
-1.6898193
-1.6898193
-1.6898193
-1.6898193
-1.6898193
-1.6898193
-1.6898193
-1.6898193
-1.6898193
-1.6898193
-1.6898193
-1.6898193
-1.6898193
-1.6898193
-1.6898193
-1.6898193
-1.6898193
-1.6898193
-1.6898193
-1.6898193
-1.6898193
-1.6898193
-1.6898193
-1.6898193
-1.6898193
-1.6898193
-1.6898193
-1.6898193
-1.6898193
-1.6898193
-1.6898193
-1.6898193
-1.6898193
-1.6898193
-1.6898193
-1.6898193
-1.6898193
-1.6898193
-1.6898193
-1.6898193
-1.6898193
-1.6898193
-1.6761475
-1.6898193
-1.6898193
-1.6898193
-1.3675232
-1.6898193
-1.6898193
-1.661499
-1.2337646
-1.6898193
-1.6898193
-1.3977966
-1.0862732
-1.6898193
-1.6898193
-1.4456482
-1.0579834
-1.6898193
-1.6898193
-1.5618591
-1.4202881
-1.6898193
-1.6898193
-1.660492
-1.6292725
-1.6898193
-1.6898193
-1.6898193
-1.6898193
-1.6898193
-1.6898193
-1.6898193
-1.6898193
-1.6898193
-1.6898193
-1.6898193
-1.6898193
-1.6898193
-1.6898193
-1.6898193
-1.6898193
-1.6898193
-1.6898193
-1.6898193
-1.6898193
-1.6898193
-1.6898193
-1.6898193
-1.6898193
-1.6898193
-1.6898193
-1.6898193
-1.6898193
-1.6898193
-1.6898193
-1.6898193
-1.6898193
-1.6898193
-1.6898193
-1.6898193
-1.6898193
-1.6898193
-1.6898193
-1.6898193
-1.6898193
-1.6898193
-1.6898193
-1.6898193
-1.6898193
-1.6898193
-1.6898193
-1.6898193
-1.6898193
-1.6898193
-1.6898193
-1.6751709
-1.6868591
-1.6898193
-1.6898193
-1.5550232
-1.2640381
-1.6898193
-1.6868591
-1.317749
-1.1311951
-1.6810303
-1.6624756
-0.85388184
-0.9690857
-1.3841248
-1.419281
-1.3274841
-1.2601318
-1.5316162
-1.6488037
-1.583374
-1.4593506
-1.6898193
-1.6898193
-1.6468201
-1.6321716
-1.6898193
-1.6898193
-1.6898193
-1.6898193
-1.6898193
-1.6898193
-1.6898193
-1.6898193
-1.6898193
-1.6898193
-1.6898193
-1.6898193
-1.6898193
-1.6898193
-1.6898193
-1.6898193
-1.6898193
-1.6898193
-1.6898193
-1.6898193
-1.6898193
-1.6898193
-1.6898193
-1.6898193
-1.6898193
-1.6898193
-1.6898193
-1.6898193
-1.6898193
-1.6898193
-1.6898193
-1.6898193
-1.6898193
-1.6898193
-1.6898193
-1.6898193
-1.6898193
-1.6898193
-1.6898193
-1.6898193
-1.6898193
-1.6898193
-1.6898193
-1.6898193
-1.6898193
-1.6898193
-1.6898193
-1.6898193
-1.6898193
-1.6898193
-1.6194763
-1.5364685
-1.6898193
-1.6829834
-1.3157654
-1.0530701
-1.6868591
-1.6380615
-1.0921326
-0.96713257
-1.6341248
-1.3031006
-0.7552185
-0.87924194
-1.6898193
-1.6898193
-1.6898193
-1.6898193
-1.6878662
-1.6898193
-1.6888428
-1.6888428
-1.6878662
-1.6898193
-1.6898193
-1.6888428
-1.6898193
-1.6898193
-1.6898193
-1.6898193
-1.6898193
-1.6898193
-1.6898193
-1.6898193
-1.6898193
-1.6898193
-1.6898193
-1.6898193
-1.6898193
-1.6898193
-1.6898193
-1.6898193
-1.6898193
-1.6898193
-1.6898193
-1.6898193
-1.6898193
-1.6898193
-1.6898193
-1.6898193
-1.6898193
-1.6898193
-1.6898193
-1.6898193
-1.6898193
-1.6898193
-1.6898193
-1.6898193
-1.6898193
-1.6898193
-1.6898193
-1.6898193
-1.6898193
-1.6898193
-1.6898193
-1.6898193
-1.6898193
-1.6898193
-1.6898193
-1.6898193
-1.6898193
-1.6898193
-1.6898193
-1.6898193
-1.6898193
-1.6898193
-1.6898193
-1.6898193
-1.6898193
-1.6858826
-1.6643982
-1.55896
-1.6585388
-1.5423279
-1.2122803
-0.9300232
-1.582367
-1.3274841
-1.0892334
-0.747406
-1.4359131
-1.0550232
-1.1273193
-0.6654053
-1.6898193
-1.6898193
-1.6898193
-1.6898193
-1.6898193
-1.6898193
-1.6898193
-1.6898193
-1.6898193
-1.6898193
-1.6898193
-1.6898193
-1.6898193
-1.6898193
-1.6898193
-1.6898193
-1.6898193
-1.6898193
-1.6898193
-1.6898193
-1.6898193
-1.6898193
-1.6898193
-1.6898193
-1.6898193
-1.6898193
-1.6898193
-1.6898193
-1.6898193
-1.6898193
-1.6898193
-1.6898193
-1.6898193
-1.6898193
-1.6898193
-1.6898193
-1.6898193
-1.6898193
-1.6898193
-1.6898193
-1.6898193
-1.6898193
-1.6898193
-1.6898193
-1.6898193
-1.6898193
-1.6898193
-1.6898193
-1.6898193
-1.6898193
-1.6898193
-1.6858826
-1.6898193
-1.6898193
-1.6898193
-1.6800232
-1.6898193
-1.6898193
-1.6898193
-1.6878662
-1.6898193
-1.6898193
-1.6898193
-1.6858826
-1.6898193
-1.6898193
-1.6888428
-1.6595154
-1.6898193
-1.660492
-1.6780701
-1.3870544
-1.3938904
-1.2874451
-1.324585
-1.1878662
-1.1156006
-1.2376404
-1.3196716
-1.0882568
-1.2015381
-1.2337646
-1.2728271
-1.0091248
-1.6898193
-1.6898193
-1.6898193
-1.6898193
-1.6898193
-1.6898193
-1.6898193
-1.6898193
-1.6898193
-1.6898193
-1.6898193
-1.6898193
-1.6898193
-1.6898193
-1.6898193
-1.6898193
-1.6898193
-1.6898193
-1.6898193
-1.6898193
-1.6898193
-1.6898193
-1.6898193
-1.6898193
-1.6898193
-1.6898193
-1.6898193
-1.6898193
-1.6898193
-1.6898193
-1.6898193
-1.6898193
-1.6898193
-1.6898193
-1.6898193
-1.6898193
-1.6898193
-1.6898193
-1.6898193
-1.6898193
-1.6898193
-1.6898193
-1.6898193
-1.6898193
-1.6898193
-1.6898193
-1.6898193
-1.6898193
-1.6898193
-1.6898193
-1.6898193
-1.6898193
-1.6898193
-1.6898193
-1.6898193
-1.6820068
-1.6898193
-1.6898193
-1.6898193
-1.6839294
-1.6898193
-1.6839294
-1.6468201
-1.5657959
-1.6898193
-1.5950623
-1.5413513
-1.1292725
-1.3782654
-1.1565857
-1.239624
-1.1790466
-0.99938965
-0.9515381
-1.2259521
-0.97302246
-0.72006226
-0.73083496
-1.0794373
-0.86557007
-1.6898193
-1.6898193
-1.6898193
-1.6898193
-1.6898193
-1.6898193
-1.6898193
-1.6898193
-1.6898193
-1.6898193
-1.661499
-1.6898193
-1.6898193
-1.6898193
-1.427124
-1.6839294
-1.6898193
-1.6898193
-1.6839294
-1.6898193
-1.6898193
-1.6898193
-1.6898193
-1.6898193
-1.6898193
-1.6898193
-1.6898193
-1.6898193
-1.6898193
-1.6898193
-1.6898193
-1.6898193
-1.6898193
-1.6898193
-1.6898193
-1.6898193
-1.6898193
-1.6898193
-1.6898193
-1.6898193
-1.6898193
-1.6898193
-1.6898193
-1.6898193
-1.6898193
-1.6898193
-1.6898193
-1.6898193
-1.6898193
-1.6898193
-1.6898193
-1.6898193
-1.6898193
-1.6898193
-1.6898193
-1.6898193
-1.6898193
-1.6898193
-1.6898193
-1.6898193
-1.6898193
-1.6898193
-1.6898193
-1.6634521
-1.6898193
-1.6888428
-1.6820068
-1.4935303
-1.6898193
-1.5970459
-1.450531
-1.2893982
-1.3938904
-1.3597107
-1.1790466
-1.2884216
-1.0950928
-1.1331482
-1.0013123
-1.013031
-0.77575684
-0.8518982
-0.8236084
-0.6986084
-1.6898193
-1.6898193
-1.6898193
-1.6898193
-1.6898193
-1.6898193
-1.6898193
-1.6888428
-1.6898193
-1.6898193
-1.6898193
-1.6898193
-1.6898193
-1.6898193
-1.6898193
-1.6898193
-1.6898193
-1.6898193
-1.6898193
-1.6898193
-1.6898193
-1.6898193
-1.6898193
-1.6898193
-1.6898193
-1.6898193
-1.6898193
-1.6898193
-1.6898193
-1.6898193
-1.6898193
-1.6898193
-1.6898193
-1.6898193
-1.6898193
-1.6898193
-1.6898193
-1.6898193
-1.6898193
-1.6898193
-1.6898193
-1.6898193
-1.6898193
-1.6898193
-1.6898193
-1.6898193
-1.6858826
-1.6458435
-1.6829834
-1.653656
-1.59021
-1.2064209
-1.4056091
-1.2904053
-1.0140076
-1.0989685
-1.0735779
-0.7767334
-0.7913513
-0.97888184
-0.5862732
-0.5218506
-0.37243652
-0.5706482
-0.13412476
-0.29623413
-0.20935059
-0.028686523
-1.6898193
-1.6898193
-1.6898193
-1.6898193
-1.6898193
-1.6898193
-1.6898193
-1.6898193
-1.6898193
-1.6898193
-1.6898193
-1.6898193
-1.6898193
-1.6898193
-1.6898193
-1.6898193
-1.6898193
-1.6898193
-1.6898193
-1.6898193
-1.6898193
-1.6898193
-1.6898193
-1.6898193
-1.6898193
-1.6898193
-1.6898193
-1.6898193
-1.6898193
-1.6898193
-1.6898193
-1.6888428
-1.6898193
-1.6898193
-1.6741638
-1.6429443
-1.5452881
-1.613617
-1.4388123
-1.2786865
-0.9251404
-0.9847412
-1.2249756
-0.92126465
-0.7171631
-0.6360779
-0.513031
-0.2894287
-0.51013184
-0.12338257
0.01626587
0.11294556
-0.2083435
0.100250244
0.04260254
0.08560181
