-1.68927
-1.6897583
-1.6902466
-1.6897583
-1.68927
-1.6897583
-1.6902466
-1.6897583
-1.68927
-1.6897583
-1.6902466
-1.6897583
-1.68927
-1.6897583
-1.6902466
-1.6897583
-1.68927
-1.6897583
-1.6902466
-1.6897583
-1.68927
-1.6897583
-1.6902466
-1.6897583
-1.68927
-1.6897583
-1.6902466
-1.6897583
-1.68927
-1.6897583
-1.6902466
-1.6897583
-1.68927
-1.6897583
-1.6902466
-1.6897583
-1.68927
-1.6897583
-1.6902466
-1.6897583
-1.68927
-1.4964294
-1.6902466
-1.6897583
-1.68927
-1.5130005
-1.6902466
-1.6897583
-1.68927
-1.6897583
-1.6902466
-1.6897583
-1.68927
-1.6897583
-1.6902466
-1.6897583
-1.68927
-1.6897583
-1.6902466
-1.6897583
-1.68927
-1.6897583
-1.6902466
-1.6897583
-1.68927
-1.6887817
-1.6902466
-1.6897583
-1.5828552
-1.4534302
-1.6902466
-1.6897583
-1.68927
-1.6897583
-1.6902466
-1.6897583
-1.68927
-1.6897583
-1.6902466
-1.6897583
-1.68927
-1.6897583
-1.6902466
-1.6897583
-1.68927
-1.6897583
-1.6902466
-1.6897583
-1.68927
-1.6897583
-1.6902466
-1.6897583
-1.68927
-1.6897583
-1.6902466
-1.6897583
-1.68927
-1.6897583
-1.6902466
-1.6897583
-1.68927
-1.6897583
-1.6902466
-1.6897583
-1.68927
-1.6897583
-1.6902466
-1.6897583
-1.68927
-1.6897583
-1.6902466
-1.6897583
-1.68927
-1.6897583
-1.6902466
-1.6897583
-1.68927
-1.6897583
-1.6902466
-1.6897583
-1.68927
-1.6897583
-1.6902466
-1.6897583
-1.68927
-1.6897583
-1.6902466
-1.6897583
-1.68927
-1.6897583
-1.6902466
-1.6897583
-1.68927
-1.6897583
-1.6902466
-1.6897583
-1.680481
-1.4622498
-1.6902466
-1.6897583
-1.1843872
-0.9847107
-1.6902466
-1.6897583
-1.68927
-1.6897583
-1.6902466
-1.6897583
-1.68927
-1.6897583
-1.6902466
-1.6897583
-1.68927
-1.6897583
-1.6902466
-1.6897583
-1.68927
-1.6897583
-1.6902466
-1.6897583
-1.68927
-1.6897583
-1.6902466
-1.6897583
-1.68927
-1.6897583
-1.6902466
-1.6897583
-1.68927
-1.6897583
-1.6902466
-1.6897583
-1.68927
-1.6897583
-1.6902466
-1.6897583
-1.68927
-1.6897583
-1.6902466
-1.6897583
-1.68927
-1.6897583
-1.6902466
-1.6897583
-1.68927
-1.6897583
-1.6902466
-1.6897583
-1.68927
-1.6897583
-1.6902466
-1.6897583
-1.68927
-1.6897583
-1.6902466
-1.6897583
-1.68927
-1.6897583
-1.6902466
-1.6897583
-1.68927
-1.6897583
-1.6902466
-1.6897583
-1.6882935
-1.6887817
-1.6902466
-1.6897583
-1.6443787
-1.4212341
-1.6902466
-1.6897583
-1.3738403
-1.1975708
-1.6902466
-1.6897583
-1.68927
-1.6897583
-1.6902466
-1.6897583
-1.68927
-1.6897583
-1.6902466
-1.6897583
-1.68927
-1.6897583
-1.6902466
-1.6897583
-1.68927
-1.6897583
-1.6902466
-1.6897583
-1.68927
-1.6897583
-1.6902466
-1.6897583
-1.68927
-1.6897583
-1.6902466
-1.6897583
-1.68927
-1.6897583
-1.6902466
-1.6897583
-1.68927
-1.6897583
-1.6902466
-1.6897583
-1.68927
-1.6897583
-1.6902466
-1.6897583
-1.68927
-1.6897583
-1.6902466
-1.6897583
-1.68927
-1.6897583
-1.6902466
-1.6897583
-1.68927
-1.6897583
-1.6902466
-1.6897583
-1.68927
-1.6897583
-1.6902466
-1.6897583
-1.68927
-1.6897583
-1.6902466
-1.6897583
-1.68927
-1.6897583
-1.6902466
-1.6897583
-1.68927
-1.6878052
-1.6902466
-1.6897583
-1.4978943
-1.1311646
-1.68927
-1.6897583
-0.6345825
-0.83432007
-1.4109802
-1.4075623
-1.6882935
-1.6809692
-1.6882935
-1.6887817
-1.68927
-1.6897583
-1.6902466
-1.7093201
-1.68927
-1.6897583
-1.6902466
-1.6897583
-1.68927
-1.6897583
-1.6902466
-1.6897583
-1.68927
-1.6897583
-1.6902466
-1.6897583
-1.68927
-1.6897583
-1.6902466
-1.6897583
-1.68927
-1.6897583
-1.6902466
-1.6897583
-1.68927
-1.6897583
-1.6902466
-1.6897583
-1.68927
-1.6897583
-1.6902466
-1.6897583
-1.68927
-1.6897583
-1.6902466
-1.6897583
-1.68927
-1.6897583
-1.6902466
-1.6897583
-1.68927
-1.6897583
-1.6902466
-1.6897583
-1.68927
-1.6897583
-1.6902466
-1.6897583
-1.68927
-1.6897583
-1.6902466
-1.6897583
-1.68927
-1.6897583
-1.6902466
-1.6897583
-1.68927
-1.6897583
-1.6902466
-1.6897583
-1.6326599
-1.2805786
-1.6902466
-1.6897583
-1.0603943
-1.0217896
-1.680481
-1.5247192
-1.1140747
-0.85775757
-1.1785583
-0.9895935
-1.68927
-1.6897583
-1.6902466
-1.6897583
-1.68927
-1.6897583
-1.6902466
-1.6897583
-1.68927
-1.6897583
-1.6902466
-1.6897583
-1.68927
-1.6897583
-1.6902466
-1.6897583
-1.68927
-1.6897583
-1.6902466
-1.6897583
-1.68927
-1.6897583
-1.6902466
-1.6897583
-1.68927
-1.6897583
-1.6902466
-1.6897583
-1.68927
-1.6897583
-1.6902466
-1.6897583
-1.68927
-1.6897583
-1.6902466
-1.6897583
-1.68927
-1.6897583
-1.6902466
-1.6897583
-1.68927
-1.6897583
-1.6902466
-1.6897583
-1.68927
-1.6897583
-1.6902466
-1.6897583
-1.68927
-1.6897583
-1.6902466
-1.6897583
-1.68927
-1.6897583
-1.6902466
-1.6897583
-1.68927
-1.6897583
-1.6902466
-1.6897583
-1.68927
-1.6897583
-1.6902466
-1.6897583
-1.68927
-1.6751099
-1.6902466
-1.6887817
-1.68927
-1.2532654
-1.6765747
-1.5413513
-1.3416443
-1.0872498
-1.3348083
-1.1595154
-0.83187866
-0.8831177
-0.7469177
-1.0354614
-1.68927
-1.6897583
-1.6902466
-1.6897583
-1.68927
-1.6897583
-1.6902466
-1.6897583
-1.68927
-1.6897583
-1.6902466
-1.6897583
-1.68927
-1.6897583
-1.6902466
-1.6897583
-1.68927
-1.6897583
-1.6902466
-1.6897583
-1.68927
-1.6897583
-1.6902466
-1.6897583
-1.68927
-1.6897583
-1.6902466
-1.6897583
-1.68927
-1.6897583
-1.6902466
-1.6897583
-1.68927
-1.6897583
-1.6902466
-1.6897583
-1.68927
-1.6897583
-1.6902466
-1.6897583
-1.68927
-1.6897583
-1.6902466
-1.6897583
-1.68927
-1.6897583
-1.6902466
-1.6897583
-1.68927
-1.6897583
-1.6902466
-1.6897583
-1.68927
-1.6897583
-1.6902466
-1.6897583
-1.68927
-1.6897583
-1.6902466
-1.6897583
-1.68927
-1.6897583
-1.6902466
-1.6897583
-1.68927
-1.6887817
-1.6902466
-1.6897583
-1.68927
-1.2854614
-1.6902466
-1.6887817
-1.68927
-1.2649536
-1.6795044
-1.2717896
-1.2957458
-1.029602
-1.250824
-0.92318726
-0.9090271
-1.0013123
-1.2615662
-1.1009216
-1.68927
-1.6897583
-1.6902466
-1.6897583
-1.68927
-1.6897583
-1.6902466
-1.6897583
-1.68927
-1.6897583
-1.6902466
-1.6897583
-1.68927
-1.6897583
-1.6902466
-1.6897583
-1.68927
-1.6897583
-1.6902466
-1.6897583
-1.68927
-1.6897583
-1.6902466
-1.6897583
-1.68927
-1.6897583
-1.6902466
-1.6897583
-1.68927
-1.6897583
-1.6902466
-1.6897583
-1.68927
-1.6897583
-1.6902466
-1.6897583
-1.68927
-1.6897583
-1.6902466
-1.6897583
-1.68927
-1.6897583
-1.6902466
-1.6897583
-1.68927
-1.6897583
-1.6902466
-1.6897583
-1.68927
-1.6897583
-1.6902466
-1.6897583
-1.68927
-1.6897583
-1.6902466
-1.6897583
-1.68927
-1.6897583
-1.6902466
-1.6897583
-1.68927
-1.6887817
-1.6902466
-1.6897583
-1.68927
-1.4993591
-1.6902466
-1.5784607
-1.6834106
-1.2181091
-1.625824
-1.2259216
-1.3552856
-0.90756226
-1.1365662
-0.92025757
-1.2478943
-1.1653748
-1.016449
-0.5393982
-1.68927
-1.6897583
-1.6902466
-1.6897583
-1.68927
-1.6897583
-1.6902466
-1.6897583
-1.68927
-1.6897583
-1.6902466
-1.6897583
-1.68927
-1.6897583
-1.6902466
-1.6897583
-1.68927
-1.6897583
-1.6902466
-1.6897583
-1.68927
-1.6897583
-1.6902466
-1.6897583
-1.68927
-1.6897583
-1.6902466
-1.6897583
-1.68927
-1.6897583
-1.6902466
-1.6897583
-1.68927
-1.6897583
-1.6902466
-1.6897583
-1.68927
-1.6897583
-1.6902466
-1.6897583
-1.68927
-1.6897583
-1.6902466
-1.6897583
-1.68927
-1.6897583
-1.6902466
-1.6897583
-1.68927
-1.6897583
-1.6902466
-1.6897583
-1.68927
-1.6897583
-1.6902466
-1.6897583
-1.68927
-1.6897583
-1.6902466
-1.6897583
-1.68927
-1.6897583
-1.6902466
-1.6897583
-1.68927
-1.6897583
-1.6902466
-1.6897583
-1.68927
-1.4847107
-1.6902466
-1.6897583
-1.5213013
-1.3508911
-1.68927
-1.6028442
-0.99887085
-0.94854736
-1.4119568
-1.1868286
-0.86798096
-0.825531
-0.92562866
-0.8518982
-1.68927
-1.6897583
-1.6902466
-1.6897583
-1.68927
-1.6897583
-1.6902466
-1.6897583
-1.68927
-1.6897583
-1.6902466
-1.6897583
-1.68927
-1.6897583
-1.6902466
-1.6897583
-1.68927
-1.6897583
-1.6902466
-1.6897583
-1.68927
-1.6897583
-1.6902466
-1.6897583
-1.68927
-1.6897583
-1.6902466
-1.6897583
-1.68927
-1.6897583
-1.6902466
-1.6897583
-1.68927
-1.6897583
-1.6902466
-1.6897583
-1.68927
-1.6897583
-1.6902466
-1.6897583
-1.68927
-1.6897583
-1.6902466
-1.6897583
-1.68927
-1.6897583
-1.6902466
-1.6897583
-1.68927
-1.575531
-1.6902466
-1.6887817
-1.68927
-1.2610779
-1.6707153
-1.6175232
-1.3211365
-1.0686951
-0.9978943
-0.7942505
-0.8367615
-0.45150757
-0.6296997
-0.5315857
-0.610199
-0.60287476
-0.71173096
-0.49349976
-1.68927
-1.6897583
-1.6902466
-1.6897583
-1.68927
-1.6897583
-1.6902466
-1.6897583
-1.68927
-1.6897583
-1.6902466
-1.6897583
-1.68927
-1.6897583
-1.6902466
-1.6897583
-1.68927
-1.6897583
-1.6902466
-1.6897583
-1.68927
-1.6897583
-1.6902466
-1.6897583
-1.68927
-1.6897583
-1.6902466
-1.6897583
-1.68927
-1.6897583
-1.6902466
-1.6897583
-1.68927
-1.6897583
-1.6902466
-1.6897583
-1.68927
-1.6663208
-1.6902466
-1.6585388
-1.68927
-1.2034302
-1.6795044
-0.9085388
-0.9012146
-0.43392944
-0.8328552
-0.6956482
-0.30548096
-0.35580444
-0.5105896
-0.5393982
-0.2390747
-0.052093506
-0.26156616
-0.43881226
-1.6895447
-1.6897888
-1.6900635
-1.6903076
-1.6895447
-1.6897888
-1.6900635
-1.6903076
-1.6895447
-1.6897888
-1.6900635
-1.6903076
-1.6895447
-1.6897888
-1.6900635
-1.6903076
-1.6895447
-1.6897888
-1.6900635
-1.6903076
-1.6895447
-1.6897888
-1.6900635
-1.6903076
-1.6895447
-1.6897888
-1.6900635
-1.6903076
-1.6895447
-1.6897888
-1.6900635
-1.6903076
-1.6895447
-1.6897888
-1.6900635
-1.6903076
-1.6895447
-1.6897888
-1.6900635
-1.6903076
-1.6895447
-1.6897888
-1.6900635
-1.6903076
-1.6895447
-1.6897888
-1.6900635
-1.6903076
-1.6895447
-1.6897888
-1.6900635
-1.6903076
-1.6895447
-1.6897888
-1.6900635
-1.6903076
-1.6895447
-1.6897888
-1.6900635
-1.6903076
-1.0840759
-1.4749451
-1.6900635
-1.6893005
-0.6221924
-1.1702576
-1.5093689
-1.3680115
-0.22177124
-0.54525757
-0.6343689
-0.8807068
-1.6895447
-1.6897888
-1.6900635
-1.6903076
-1.6895447
-1.6897888
-1.6900635
-1.6903076
-1.6895447
-1.6897888
-1.6900635
-1.6903076
-1.6895447
-1.6897888
-1.6900635
-1.6903076
-1.6895447
-1.6897888
-1.6900635
-1.6903076
-1.6895447
-1.6897888
-1.6900635
-1.6903076
-1.6895447
-1.6897888
-1.6900635
-1.6903076
-1.6895447
-1.6897888
-1.6900635
-1.6903076
-1.6895447
-1.6897888
-1.6900635
-1.6903076
-1.6895447
-1.6897888
-1.6900635
-1.6903076
-1.6895447
-1.6897888
-1.6900635
-1.6903076
-1.6895447
-1.6897888
-1.6900635
-1.6903076
-1.6895447
-1.6897888
-1.6900635
-1.6903076
-1.6895447
-1.6897888
-1.6900635
-1.6903076
-1.5498962
-1.5862732
-1.6900635
-1.6903076
-0.5821228
-0.5755615
-1.674408
-1.3514099
-0.21884155
-0.20541382
-0.57089233
-0.17758179
-0.48544312
-0.1361084
-0.3970642
-0.083862305
-1.6895447
-1.6897888
-1.6900635
-1.6903076
-1.6895447
-1.6897888
-1.6900635
-1.6903076
-1.6895447
-1.6897888
-1.6900635
-1.6903076
-1.6895447
-1.6897888
-1.6900635
-1.6903076
-1.6895447
-1.6897888
-1.6900635
-1.6903076
-1.6895447
-1.6897888
-1.6900635
-1.6903076
-1.6895447
-1.6897888
-1.6900635
-1.6903076
-1.6895447
-1.6897888
-1.6900635
-1.6903076
-1.6895447
-1.6897888
-1.6900635
-1.6903076
-1.6895447
-1.6897888
-1.6900635
-1.6903076
-1.6895447
-1.6897888
-1.6900635
-1.6903076
-1.6895447
-1.6897888
-1.6900635
-1.6903076
-1.6895447
-1.6897888
-1.6900635
-1.6903076
-1.6895447
-1.6897888
-1.6900635
-1.6903076
-1.686615
-1.6634521
-1.6900635
-1.6903076
-1.2256775
-1.2015381
-1.6890869
-1.3592224
-0.6719971
-0.5091553
-1.1382751
-0.9246826
-0.69540405
-0.36557007
-0.5923767
-0.19613647
-1.6895447
-1.6897888
-1.6900635
-1.6903076
-1.6895447
-1.6897888
-1.6900635
-1.6903076
-1.6895447
-1.6897888
-1.6900635
-1.6903076
-1.6895447
-1.6897888
-1.6900635
-1.6903076
-1.6895447
-1.6897888
-1.6900635
-1.6903076
-1.6895447
-1.6897888
-1.6900635
-1.6903076
-1.6895447
-1.6897888
-1.6900635
-1.6903076
-1.6895447
-1.6897888
-1.6900635
-1.6903076
-1.6895447
-1.6897888
-1.6900635
-1.6903076
-1.6895447
-1.6897888
-1.6900635
-1.6903076
-1.6895447
-1.6897888
-1.6900635
-1.6903076
-1.6895447
-1.6897888
-1.6900635
-1.6903076
-1.6895447
-1.6897888
-1.6900635
-1.6903076
-1.6895447
-1.668335
-1.6900635
-1.6903076
-1.5469666
-1.403656
-1.5064392
-1.6697998
-1.007904
-1.0013123
-0.7749939
-0.9871521
-0.53234863
-0.6253357
-0.27792358
-0.0047302246
-0.10751343
-0.1722107
0.26309204
0.73254395
-1.6895447
-1.6897888
-1.6900635
-1.6903076
-1.6895447
-1.6897888
-1.6900635
-1.6903076
-1.6895447
-1.6897888
-1.6900635
-1.6903076
-1.6895447
-1.6897888
-1.6900635
-1.6903076
-1.6895447
-1.6897888
-1.6900635
-1.6903076
-1.6895447
-1.6897888
-1.6900635
-1.6903076
-1.6895447
-1.6897888
-1.6900635
-1.6903076
-1.6895447
-1.6897888
-1.6900635
-1.6903076
-1.6895447
-1.6897888
-1.6900635
-1.6903076
-1.6895447
-1.6897888
-1.6900635
-1.6903076
-1.6895447
-1.6897888
-1.6900635
-1.6903076
-1.6895447
-1.6897888
-1.6900635
-1.6903076
-1.6895447
-1.6897888
-1.6900635
-1.6903076
-1.6895447
-1.6897888
-1.6900635
-1.6903076
-1.6817322
-1.6663513
-1.6900635
-1.6893005
-1.2852783
-1.2718201
-1.6841736
-1.3211365
-0.52645874
-0.6781006
-0.8189697
-0.89437866
0.04284668
0.38735962
0.22891235
-0.15515137
0.24404907
0.5357666
0.8919983
0.67593384
-1.6895447
-1.6897888
-1.6900635
-1.6903076
-1.6895447
-1.6897888
-1.6900635
-1.6903076
-1.6895447
-1.6897888
-1.6900635
-1.6903076
-1.6895447
-1.6897888
-1.6900635
-1.6903076
-1.6895447
-1.6897888
-1.6900635
-1.6903076
-1.6895447
-1.6897888
-1.6900635
-1.6903076
-1.6895447
-1.6897888
-1.6900635
-1.6903076
-1.6895447
-1.6897888
-1.6900635
-1.6903076
-1.6895447
-1.6897888
-1.6900635
-1.6903076
-1.6895447
-1.6897888
-1.6900635
-1.6903076
-1.6895447
-1.6897888
-1.6900635
-1.6903076
-1.6895447
-1.6897888
-1.6900635
-1.6903076
-1.6895447
-1.6897888
-1.6900635
-1.6903076
-1.6895447
-1.6897888
-1.6900635
-1.6903076
-1.6895447
-1.6897888
-1.6900635
-1.6903076
-1.6895447
-1.6712646
-1.6900635
-1.6844177
-1.6065369
-1.3108826
-1.6197205
-1.3172302
-0.88974
-0.75717163
-0.8716736
-0.516449
-0.031341553
0.26724243
0.042388916
0.19351196
-0.17297363
0.5406494
0.4857483
0.08508301
-1.6895447
-1.6897888
-1.6900635
-1.6903076
-1.6895447
-1.6897888
-1.6900635
-1.6903076
-1.6895447
-1.6897888
-1.6900635
-1.6903076
-1.6895447
-1.6897888
-1.6900635
-1.6903076
-1.6895447
-1.6897888
-1.6900635
-1.6903076
-1.6895447
-1.6897888
-1.6900635
-1.6903076
-1.6895447
-1.6897888
-1.6900635
-1.6903076
-1.6895447
-1.6897888
-1.6900635
-1.6903076
-1.6895447
-1.6897888
-1.6900635
-1.6903076
-1.6895447
-1.6897888
-1.6900635
-1.6903076
-1.6895447
-1.6897888
-1.6900635
-1.6903076
-1.6895447
-1.6897888
-1.6900635
-1.6903076
-1.6895447
-1.6897888
-1.6900635
-1.6903076
-1.6895447
-1.6897888
-1.6900635
-1.6903076
-1.6895447
-1.6897888
-1.6900635
-1.6903076
-1.6895447
-1.6897888
-1.6900635
-1.6903076
-1.6895447
-1.535492
-1.5426025
-1.6209412
-1.6895447
-1.2767029
-1.1988525
-0.9920349
-1.249115
-1.1605225
-1.2046814
-1.1014099
-0.5430603
-0.14001465
-0.4361267
-0.6209717
-0.40148926
-0.1878357
-0.17150879
-0.09265137
-1.6895447
-1.6897888
-1.6900635
-1.6903076
-1.6895447
-1.6897888
-1.6900635
-1.6903076
-1.6895447
-1.6897888
-1.6900635
-1.6903076
-1.6895447
-1.6897888
-1.6900635
-1.6903076
-1.6895447
-1.6897888
-1.6900635
-1.6903076
-1.6895447
-1.6897888
-1.6900635
-1.6903076
-1.6895447
-1.6897888
-1.6900635
-1.6903076
-1.6895447
-1.6897888
-1.6900635
-1.6903076
-1.6895447
-1.6897888
-1.6900635
-1.6903076
-1.6895447
-1.6897888
-1.6900635
-1.6903076
-1.6895447
-1.6897888
-1.6900635
-1.6903076
-1.6895447
-1.6897888
-1.6900635
-1.6903076
-1.6895447
-1.6897888
-1.6900635
-1.6903076
-1.6895447
-1.6897888
-1.6900635
-1.6903076
-1.6895447
-1.5433044
-1.5064392
-1.6864014
-1.6798096
-1.12146
-1.1148682
-1.2078857
-1.3067627
-1.059906
-1.0533142
-0.9803467
-1.1514587
-1.0657654
-1.0415955
-1.0496521
-0.9141846
-0.7522888
-0.47521973
-0.46957397
-0.53723145
-0.2864685
0.0072021484
0.20422363
-1.6895447
-1.6897888
-1.6900635
-1.6903076
-1.6895447
-1.6897888
-1.6900635
-1.6903076
-1.6895447
-1.6897888
-1.6900635
-1.6903076
-1.6895447
-1.6897888
-1.6900635
-1.6903076
-1.6895447
-1.6897888
-1.6900635
-1.6903076
-1.6895447
-1.6897888
-1.6900635
-1.6903076
-1.6895447
-1.6897888
-1.6900635
-1.6903076
-1.6895447
-1.6897888
-1.6900635
-1.6903076
-1.6895447
-1.6897888
-1.6900635
-1.6903076
-1.6895447
-1.6897888
-1.6900635
-1.6903076
-1.6895447
-1.6897888
-1.6900635
-1.6903076
-1.6895447
-1.6897888
-1.6900635
-1.6903076
-1.6895447
-1.6897888
-1.6900635
-1.6903076
-1.6895447
-1.6897888
-1.6900635
-1.6903076
-1.6895447
-1.6897888
-1.6900635
-1.6903076
-1.6895447
-1.6585693
-1.5377197
-1.6297302
-1.5625916
-1.4261475
-1.0367126
-1.1228943
-1.3418884
-1.2601013
-1.0064392
-0.9607849
-1.2666931
-1.2445068
-0.66464233
-0.4353943
-1.1807861
-0.9251404
-0.2876892
-0.29870605
-0.866333
-0.50619507
-0.117767334
-0.3807068
-1.6895447
-1.6897888
-1.6900635
-1.6903076
-1.6895447
-1.6897888
-1.6900635
-1.6903076
-1.6895447
-1.6897888
-1.6900635
-1.6903076
-1.6895447
-1.6897888
-1.6900635
-1.6903076
-1.6895447
-1.6897888
-1.6900635
-1.6903076
-1.6895447
-1.6897888
-1.6900635
-1.6903076
-1.6895447
-1.6897888
-1.6900635
-1.6903076
-1.6895447
-1.6897888
-1.6900635
-1.6903076
-1.6895447
-1.6897888
-1.6900635
-1.6903076
-1.6895447
-1.6897888
-1.6900635
-1.6903076
-1.6895447
-1.6897888
-1.6900635
-1.6903076
-1.6895447
-1.660492
-1.5474548
-1.5506592
-1.54599
-1.3392029
-0.86190796
-1.1375732
-1.2823486
-1.3108826
-0.89904785
-0.88168335
-1.0020752
-1.0559998
-0.729126
-0.6434021
-0.82333374
-1.0774841
-0.54748535
-0.62680054
-0.63974
-0.9310303
-0.48104858
-0.33480835
-1.6895447
-1.6897888
-1.6900635
-1.6903076
-1.6895447
-1.6897888
-1.6900635
-1.6903076
-1.6895447
-1.6897888
-1.6900635
-1.6903076
-1.6895447
-1.6897888
-1.6900635
-1.6903076
-1.6895447
-1.6897888
-1.6900635
-1.6903076
-1.6895447
-1.6897888
-1.6900635
-1.6903076
-1.6895447
-1.6897888
-1.6900635
-1.6903076
-1.6895447
-1.6897888
-1.6900635
-1.6903076
-1.6895447
-1.6897888
-1.6900635
-1.6903076
-1.6817322
-1.6712646
-1.6226807
-1.5301514
-1.4190369
-1.2962341
-1.2906189
-1.3416443
-0.8634033
-1.1233826
-0.9244385
-0.87680054
-0.55773926
-0.94955444
-0.48690796
-0.50183105
-0.38000488
-0.6781006
-0.32089233
-0.21081543
