-1.6900635
-1.6895447
-1.6905212
-1.6902771
-1.6900635
-1.6895447
-1.6905212
-1.6902771
-1.6900635
-1.6895447
-1.6905212
-1.6902771
-1.6900635
-1.6895447
-1.6905212
-1.6902771
-1.6900635
-1.6895447
-1.6905212
-1.6902771
-1.6900635
-1.6895447
-1.6905212
-1.6902771
-1.6900635
-1.6895447
-1.6905212
-1.6902771
-1.6900635
-1.6895447
-1.6905212
-1.6902771
-1.6900635
-1.6895447
-1.6905212
-1.6902771
-1.6900635
-1.6895447
-1.6905212
-1.6902771
-1.6900635
-1.6895447
-1.6905212
-1.6902771
-1.6900635
-1.6895447
-1.6905212
-1.6902771
-1.6900635
-1.6895447
-1.6905212
-1.6902771
-1.6890869
-1.6895447
-1.6895447
-1.681488
-1.4468689
-1.6895447
-1.617279
-1.6746826
-0.85995483
-1.3790283
-1.3467712
-1.3728943
-0.23300171
-0.66516113
-0.74716187
-0.7010498
0.25720215
-0.25204468
-0.040130615
-0.022338867
-1.6900635
-1.6895447
-1.6905212
-1.6902771
-1.6900635
-1.6895447
-1.6905212
-1.6902771
-1.6900635
-1.6895447
-1.6905212
-1.6902771
-1.6900635
-1.6895447
-1.6905212
-1.6902771
-1.6900635
-1.6895447
-1.6905212
-1.6902771
-1.6900635
-1.6895447
-1.6905212
-1.6902771
-1.6900635
-1.6895447
-1.6905212
-1.6902771
-1.6900635
-1.6895447
-1.6905212
-1.6902771
-1.6900635
-1.6895447
-1.6905212
-1.6902771
-1.6900635
-1.6895447
-1.6905212
-1.6902771
-1.6900635
-1.6895447
-1.6905212
-1.6902771
-1.6900635
-1.6895447
-1.6905212
-1.6902771
-1.6900635
-1.6895447
-1.6905212
-1.6902771
-1.6802673
-1.6895447
-1.6905212
-1.6854248
-1.2671814
-1.6895447
-1.6846924
-1.5691833
-1.1793213
-1.2168884
-1.2051697
-1.0506592
-0.70666504
-0.26965332
-0.08703613
-0.15808105
-0.3297119
-0.009887695
-0.1289978
0.006011963
-1.6900635
-1.6895447
-1.6905212
-1.6902771
-1.6900635
-1.6895447
-1.6905212
-1.6902771
-1.6900635
-1.6895447
-1.6905212
-1.6902771
-1.6900635
-1.6895447
-1.6905212
-1.6902771
-1.6900635
-1.6895447
-1.6905212
-1.6902771
-1.6900635
-1.6895447
-1.6905212
-1.6902771
-1.6900635
-1.6895447
-1.6905212
-1.6902771
-1.6900635
-1.6895447
-1.6905212
-1.6902771
-1.6900635
-1.6895447
-1.6905212
-1.6902771
-1.6900635
-1.6895447
-1.6905212
-1.6902771
-1.6900635
-1.6895447
-1.6905212
-1.6902771
-1.6900635
-1.6895447
-1.6905212
-1.6902771
-1.6900635
-1.6895447
-1.6905212
-1.6717224
-1.6763916
-1.6895447
-1.6905212
-1.5496826
-1.3804626
-1.6710205
-1.5059509
-1.4988708
-1.2046814
-1.0870056
-1.32724
-1.400238
-0.932251
-0.28622437
-0.73254395
-0.4744873
-0.58847046
0.031158447
-0.23352051
0.026519775
-1.6900635
-1.6895447
-1.6905212
-1.6902771
-1.6900635
-1.6895447
-1.6905212
-1.6902771
-1.6900635
-1.6895447
-1.6905212
-1.6902771
-1.6900635
-1.6895447
-1.6905212
-1.6902771
-1.6900635
-1.6895447
-1.6905212
-1.6902771
-1.6900635
-1.6895447
-1.6905212
-1.6902771
-1.6900635
-1.6895447
-1.6905212
-1.6902771
-1.6900635
-1.6895447
-1.6905212
-1.6902771
-1.6900635
-1.6895447
-1.6905212
-1.6902771
-1.6900635
-1.6895447
-1.6905212
-1.6902771
-1.6900635
-1.6895447
-1.6905212
-1.6902771
-1.6900635
-1.6895447
-1.6905212
-1.6902771
-1.6900635
-1.6895447
-1.6905212
-1.6209412
-1.6773682
-1.6895447
-1.6905212
-1.4031982
-1.06604
-1.6651306
-1.4678955
-1.1951599
-1.0259705
-0.44247437
-0.7413025
-0.8309021
-0.16952515
0.18444824
0.024291992
-0.35339355
0.2718811
0.6131592
0.36026
0.6173401
-1.6900635
-1.6895447
-1.6885681
-1.6902771
-1.6900635
-1.6895447
-1.6905212
-1.6902771
-1.6900635
-1.6895447
-1.6905212
-1.6902771
-1.6900635
-1.6895447
-1.6905212
-1.6902771
-1.6900635
-1.6895447
-1.6905212
-1.6902771
-1.6900635
-1.6895447
-1.6905212
-1.6902771
-1.6900635
-1.6895447
-1.6905212
-1.6902771
-1.6900635
-1.6895447
-1.6905212
-1.6902771
-1.6900635
-1.6895447
-1.6905212
-1.6902771
-1.6900635
-1.6895447
-1.6905212
-1.6902771
-1.6900635
-1.6895447
-1.6905212
-1.6902771
-1.6900635
-1.6895447
-1.6905212
-1.6902771
-1.6900635
-1.6895447
-1.6905212
-1.6902771
-1.6900635
-1.6895447
-1.6905212
-1.6297607
-1.6900635
-1.6895447
-1.6905212
-1.4060974
-1.6607361
-1.6895447
-1.6788025
-1.3211365
-0.5064392
-0.94247437
-1.0782166
-1.1141052
0.5140686
0.40518188
-0.5713806
-0.33285522
0.83535767
0.92858887
0.46374512
0.29406738
-1.6900635
-1.6895447
-1.6905212
-1.6902771
-1.6900635
-1.6895447
-1.6895447
-1.6902771
-1.6900635
-1.6895447
-1.6905212
-1.6902771
-1.6900635
-1.6895447
-1.6905212
-1.6902771
-1.6900635
-1.6895447
-1.6905212
-1.6902771
-1.6900635
-1.6895447
-1.6905212
-1.6902771
-1.6900635
-1.6895447
-1.6905212
-1.6902771
-1.6900635
-1.6895447
-1.6905212
-1.6902771
-1.6900635
-1.6895447
-1.6905212
-1.6902771
-1.6900635
-1.6895447
-1.6905212
-1.6902771
-1.6900635
-1.6895447
-1.6905212
-1.6902771
-1.6900635
-1.6895447
-1.6905212
-1.6902771
-1.6900635
-1.6895447
-1.6905212
-1.6902771
-1.6900635
-1.6895447
-1.6905212
-1.6902771
-1.6900635
-1.6895447
-1.6905212
-1.6902771
-1.6900635
-1.6895447
-1.6905212
-1.500824
-1.6900635
-1.6895447
-1.6905212
-1.3514099
-1.6392517
-1.5372314
-1.4561768
-0.0418396
-0.0640564
-0.19345093
-0.4883728
0.52163696
0.894928
1.0956116
0.5662842
0.6690979
-1.6900635
-1.6895447
-1.6905212
-1.6902771
-1.6900635
-1.6895447
-1.6905212
-1.6902771
-1.6900635
-1.6895447
-1.6905212
-1.6902771
-1.6900635
-1.6895447
-1.6905212
-1.6902771
-1.6900635
-1.6895447
-1.6905212
-1.6902771
-1.6900635
-1.6895447
-1.6905212
-1.6902771
-1.6900635
-1.6895447
-1.6905212
-1.6902771
-1.6900635
-1.6895447
-1.6905212
-1.6902771
-1.6900635
-1.6895447
-1.6905212
-1.6902771
-1.6900635
-1.6895447
-1.6905212
-1.6902771
-1.6900635
-1.6895447
-1.6905212
-1.6902771
-1.6900635
-1.6895447
-1.6905212
-1.6902771
-1.6900635
-1.6895447
-1.6905212
-1.6902771
-1.6900635
-1.6895447
-1.6905212
-1.6902771
-1.6900635
-1.6895447
-1.6905212
-1.6756592
-1.6900635
-1.6895447
-1.6905212
-1.4217224
-1.6900635
-1.6895447
-1.679779
-1.219574
-1.6802673
-1.6046143
-1.4112549
-1.297699
-1.0992432
-1.0108337
-1.2344666
-1.3572998
-1.0386658
-0.8243408
-1.2442322
-0.96276855
0.3470459
0.1619873
-0.83410645
-0.41882324
-1.6900635
-1.6895447
-1.6905212
-1.6902771
-1.6900635
-1.6895447
-1.6905212
-1.6902771
-1.6900635
-1.6895447
-1.6905212
-1.6902771
-1.6900635
-1.6895447
-1.6905212
-1.6902771
-1.6900635
-1.6895447
-1.6905212
-1.6902771
-1.6900635
-1.6895447
-1.6905212
-1.6902771
-1.6900635
-1.6895447
-1.6905212
-1.6902771
-1.6900635
-1.6895447
-1.6905212
-1.6902771
-1.6900635
-1.6895447
-1.6905212
-1.6902771
-1.6900635
-1.6895447
-1.6905212
-1.6902771
-1.6900635
-1.6895447
-1.6905212
-1.6902771
-1.6900635
-1.6895447
-1.6905212
-1.6902771
-1.6900635
-1.6895447
-1.6905212
-1.6834412
-1.6900635
-1.6895447
-1.6905212
-1.4891052
-1.6900635
-1.6895447
-1.6905212
-1.3309021
-1.6900635
-1.6817627
-1.6739197
-1.2684326
-1.6001892
-1.0997009
-1.1690369
-1.0896912
-0.31600952
-0.24621582
-0.83114624
-0.24987793
-0.006439209
-0.079193115
-0.5411377
-0.39733887
0.10684204
-0.16122437
-0.5860596
-0.42562866
-1.6900635
-1.6895447
-1.6905212
-1.6902771
-1.6900635
-1.6895447
-1.6905212
-1.6902771
-1.6900635
-1.6895447
-1.6905212
-1.6902771
-1.6900635
-1.6895447
-1.6905212
-1.6902771
-1.6900635
-1.6895447
-1.6905212
-1.6902771
-1.6900635
-1.6895447
-1.6905212
-1.6902771
-1.6900635
-1.6895447
-1.6905212
-1.6902771
-1.6900635
-1.6895447
-1.6905212
-1.6902771
-1.6900635
-1.6895447
-1.6905212
-1.6902771
-1.6900635
-1.6895447
-1.6905212
-1.6902771
-1.6900635
-1.6895447
-1.6905212
-1.6902771
-1.6900635
-1.6895447
-1.6905212
-1.6902771
-1.6900635
-1.6895447
-1.6905212
-1.6902771
-1.6900635
-1.6895447
-1.6905212
-1.6902771
-1.6900635
-1.6895447
-1.6905212
-1.6551208
-1.6900635
-1.6895447
-1.6905212
-1.4451599
-1.6900635
-1.6895447
-1.6895447
-1.4246826
-1.1451416
-1.6885681
-1.4727478
-1.197113
-0.9058533
-1.1641846
-1.3946228
-0.9842529
-0.604126
-0.8770447
-0.9903259
-0.3543396
-0.5142822
-0.7891846
-0.6289978
0.08413696
-1.6900635
-1.6895447
-1.6905212
-1.6902771
-1.6900635
-1.6895447
-1.6905212
-1.6902771
-1.6900635
-1.6895447
-1.6905212
-1.6902771
-1.6900635
-1.6895447
-1.6905212
-1.6902771
-1.6900635
-1.6895447
-1.6905212
-1.6902771
-1.6900635
-1.6895447
-1.6905212
-1.6902771
-1.6900635
-1.6895447
-1.6905212
-1.6902771
-1.6900635
-1.6895447
-1.6905212
-1.6902771
-1.6900635
-1.6895447
-1.6905212
-1.6902771
-1.6900635
-1.6895447
-1.6905212
-1.6902771
-1.6900635
-1.6895447
-1.6905212
-1.6902771
-1.6900635
-1.6895447
-1.6905212
-1.6893005
-1.6900635
-1.6895447
-1.6905212
-1.337738
-1.6881104
-1.6729736
-1.6817627
-1.485199
-0.7183533
-0.95321655
-1.3262634
-0.9979248
-0.5718689
-0.7354431
-0.94052124
-0.51449585
-0.58166504
-0.51474
-0.64852905
-0.2401123
-1.6900635
-1.6895447
-1.6905212
-1.6902771
-1.6900635
-1.6895447
-1.6905212
-1.6902771
-1.6900635
-1.6895447
-1.6905212
-1.6902771
-1.6900635
-1.6895447
-1.6905212
-1.6902771
-1.6900635
-1.6895447
-1.6905212
-1.6902771
-1.6900635
-1.6895447
-1.6905212
-1.6902771
-1.6900635
-1.6895447
-1.6905212
-1.6902771
-1.6900635
-1.6895447
-1.6905212
-1.6902771
-1.6900635
-1.6895447
-1.6905212
-1.6063232
-1.6890869
-1.6778259
-1.6602783
-1.3084412
-1.1617126
-1.249115
-1.2344666
-1.1209717
-0.51620483
-1.0030518
-1.0196228
-1.203949
-0.6500244
-0.8360596
-0.9473877
-0.82702637
-0.27600098
-0.35360718
-0.3789978
-0.22250366
-1.6902771
-1.690033
-1.690033
-1.6902771
-1.6902771
-1.690033
-1.690033
-1.6902771
-1.6902771
-1.690033
-1.690033
-1.6902771
-1.6902771
-1.690033
-1.690033
-1.6902771
-1.6902771
-1.690033
-1.690033
-1.6902771
-1.6902771
-1.690033
-1.690033
-1.6902771
-1.6902771
-1.690033
-1.690033
-1.6902771
-1.6902771
-1.690033
-1.690033
-1.6902771
-1.6902771
-1.690033
-1.690033
-1.6902771
-1.6902771
-1.690033
-1.690033
-1.6902771
-1.6902771
-1.690033
-1.690033
-1.6902771
-1.6912842
-1.690033
-1.690033
-1.6902771
-1.6834412
-1.690033
-1.6011658
-1.688324
-1.5535583
-1.690033
-1.1695251
-1.4178162
-1.1228943
-1.5054932
-0.823822
-0.83969116
-0.44223022
-0.11193848
-0.21640015
-0.40707397
-0.20199585
-0.094329834
0.19763184
-0.015472412
-0.15808105
-0.1499939
0.11172485
0.17102051
-1.6902771
-1.690033
-1.690033
-1.6902771
-1.6902771
-1.690033
-1.690033
-1.6902771
-1.6902771
-1.690033
-1.690033
-1.6902771
-1.6902771
-1.690033
-1.690033
-1.6902771
-1.6902771
-1.690033
-1.690033
-1.6902771
-1.6902771
-1.690033
-1.690033
-1.6902771
-1.6902771
-1.690033
-1.690033
-1.6902771
-1.6902771
-1.690033
-1.690033
-1.6902771
-1.6902771
-1.690033
-1.690033
-1.6902771
-1.6902771
-1.690033
-1.690033
-1.6902771
-1.6902771
-1.690033
-1.690033
-1.6902771
-1.6893005
-1.690033
-1.690033
-1.6902771
-1.6756287
-1.690033
-1.6187744
-1.6893005
-1.4744568
-1.6881104
-1.2496033
-1.6131287
-1.2469482
-1.3296814
-1.1568298
-1.1082458
-0.30062866
-0.20080566
0.04434204
-0.025268555
-0.08288574
-0.05819702
-0.09921265
0.38882446
0.12515259
0.42715454
0.028686523
0.5831604
-1.6902771
-1.690033
-1.690033
-1.6902771
-1.6902771
-1.690033
-1.690033
-1.6902771
-1.6902771
-1.690033
-1.690033
-1.6902771
-1.6902771
-1.690033
-1.690033
-1.6902771
-1.6902771
-1.690033
-1.690033
-1.6902771
-1.6902771
-1.690033
-1.690033
-1.6902771
-1.6902771
-1.690033
-1.690033
-1.6902771
-1.6902771
-1.690033
-1.690033
-1.6902771
-1.6902771
-1.690033
-1.690033
-1.6902771
-1.6902771
-1.690033
-1.690033
-1.6902771
-1.6902771
-1.690033
-1.690033
-1.6902771
-1.6893005
-1.690033
-1.690033
-1.6902771
-1.5701904
-1.6539001
-1.6890869
-1.6893005
-1.4510193
-1.276947
-1.5377197
-1.6873779
-1.4090271
-1.2164001
-1.3814392
-1.2703857
-0.8699341
-0.5767822
-0.6578064
0.018707275
-0.23031616
0.14981079
0.11172485
0.63586426
0.50891113
0.77285767
0.72109985
1.2257385
-1.6902771
-1.690033
-1.690033
-1.6902771
-1.6902771
-1.690033
-1.690033
-1.6902771
-1.6902771
-1.690033
-1.690033
-1.6902771
-1.6902771
-1.690033
-1.690033
-1.6902771
-1.6902771
-1.690033
-1.690033
-1.6902771
-1.6902771
-1.690033
-1.690033
-1.6902771
-1.6902771
-1.690033
-1.690033
-1.6902771
-1.6902771
-1.690033
-1.690033
-1.6902771
-1.6902771
-1.690033
-1.690033
-1.6902771
-1.6902771
-1.690033
-1.690033
-1.6902771
-1.6922607
-1.6636658
-1.690033
-1.6902771
-1.6717224
-1.471283
-1.6890869
-1.6902771
-1.4998779
-1.3502197
-1.573822
-1.6893005
-1.3455505
-1.1880798
-1.1265564
-1.6356201
-1.1473389
-1.1695251
-1.4830017
-1.2381287
-0.44909668
-0.604126
-1.0074463
-0.6668396
-0.012573242
0.04724121
-0.3092041
-0.024261475
0.32629395
0.3841858
0.16152954
0.26965332
-1.6902771
-1.690033
-1.690033
-1.6902771
-1.6902771
-1.690033
-1.690033
-1.6902771
-1.6902771
-1.690033
-1.690033
-1.6902771
-1.6902771
-1.690033
-1.690033
-1.6902771
-1.6902771
-1.690033
-1.690033
-1.6902771
-1.6902771
-1.690033
-1.690033
-1.6902771
-1.6902771
-1.690033
-1.690033
-1.6902771
-1.6902771
-1.690033
-1.690033
-1.6902771
-1.6902771
-1.690033
-1.690033
-1.6902771
-1.6902771
-1.690033
-1.690033
-1.6902771
-1.6902771
-1.6382751
-1.690033
-1.6902771
-1.6893005
-1.4898376
-1.690033
-1.6902771
-1.6082764
-1.424408
-1.6705017
-1.6902771
-1.414917
-1.4839783
-1.4664001
-1.6863708
-1.4031677
-1.5171814
-1.4976501
-1.2928467
-1.0603943
-1.1011963
-1.1558533
-0.95199585
-0.29086304
-0.38046265
-0.41662598
-0.16976929
0.21694946
0.011169434
0.11074829
0.3067627
0.764801
0.7562256
0.5169678
0.7989807
-1.6902771
-1.690033
-1.690033
-1.6902771
-1.6902771
-1.690033
-1.690033
-1.6902771
-1.6902771
-1.690033
-1.690033
-1.6902771
-1.6902771
-1.690033
-1.690033
-1.6902771
-1.6902771
-1.690033
-1.690033
-1.6902771
-1.6902771
-1.690033
-1.690033
-1.6902771
-1.6902771
-1.690033
-1.690033
-1.6902771
-1.6902771
-1.690033
-1.690033
-1.6902771
-1.6902771
-1.690033
-1.690033
-1.6902771
-1.6902771
-1.690033
-1.690033
-1.6902771
-1.6902771
-1.6793213
-1.690033
-1.6902771
-1.6902771
-1.5445251
-1.6881104
-1.6902771
-1.688324
-1.3277588
-1.6490173
-1.6902771
-1.5418701
-1.3667908
-1.4781189
-1.6902771
-1.4344482
-1.4351807
-1.3101501
-1.6853943
-1.4295654
-1.480072
-1.4380798
-1.3885193
-1.3875732
-1.5845947
-1.1548767
-1.2205505
-0.9881592
-0.79452515
-0.98986816
-0.6961365
-0.15222168
0.42422485
0.37832642
0.3517151
0.6036682
0.8782959
0.7582092
0.96398926
-1.6902771
-1.690033
-1.690033
-1.6902771
-1.6902771
-1.690033
-1.690033
-1.6902771
-1.6902771
-1.690033
-1.690033
-1.6902771
-1.6902771
-1.690033
-1.690033
-1.6902771
-1.6902771
-1.690033
-1.690033
-1.6902771
-1.6902771
-1.690033
-1.690033
-1.6902771
-1.6902771
-1.690033
-1.690033
-1.6902771
-1.6902771
-1.690033
-1.690033
-1.6902771
-1.6902771
-1.690033
-1.690033
-1.6902771
-1.6902771
-1.690033
-1.690033
-1.6902771
-1.6902771
-1.6216736
-1.690033
-1.6902771
-1.6902771
-1.3941345
-1.6441345
-1.6902771
-1.6902771
-1.2799072
-1.5289307
-1.6902771
-1.6844177
-1.28479
-1.3990173
-1.6902771
-1.5955505
-1.2828064
-1.2027283
-1.6873779
-1.5340271
-1.3170166
-1.174408
-1.3699646
-1.5730896
-1.3277588
-1.2711182
-1.1717529
-1.5682068
-1.174408
-1.2828064
-1.094574
-0.91296387
-0.33554077
-0.9859314
-1.0350342
-0.5760193
0.20059204
-0.0796814
0.05871582
0.08117676
0.47402954
0.13613892
0.57632446
-1.6902771
-1.690033
-1.690033
-1.6902771
-1.6902771
-1.690033
-1.690033
-1.6902771
-1.6902771
-1.690033
-1.690033
-1.6902771
-1.6902771
-1.690033
-1.690033
-1.6902771
-1.6902771
-1.690033
-1.690033
-1.6902771
-1.6902771
-1.690033
-1.690033
-1.6902771
-1.6902771
-1.690033
-1.690033
-1.6902771
-1.6902771
-1.690033
-1.690033
-1.6902771
-1.6902771
-1.690033
-1.690033
-1.6902771
-1.6902771
-1.4830017
-1.6578064
-1.6902771
-1.6902771
-1.37854
-1.5709229
-1.6902771
-1.6902771
-1.3121033
-1.6158142
-1.6902771
-1.6912842
-1.3140564
-1.511322
-1.6697693
-1.5437927
-1.2711182
-1.3970947
-1.1239014
-1.2107849
-1.1070557
-1.2652283
-1.1141357
-1.1951904
-1.1216736
-0.94299316
-0.8592224
-1.2381287
-0.9703369
-1.0914001
-0.94906616
-0.6482849
-0.15585327
-0.6939697
-0.62094116
-0.5672302
0.24356079
-0.33847046
0.10070801
0.20230103
0.7640686
0.7015686
0.5333557
-1.6902771
-1.690033
-1.690033
-1.6902771
-1.6902771
-1.690033
-1.690033
-1.6902771
-1.6902771
-1.690033
-1.690033
-1.6902771
-1.6902771
-1.690033
-1.690033
-1.6902771
-1.6902771
-1.690033
-1.690033
-1.6902771
-1.6902771
-1.690033
-1.690033
-1.6902771
-1.6902771
-1.690033
-1.690033
-1.6902771
-1.6902771
-1.690033
-1.690033
-1.6902771
-1.6902771
-1.690033
-1.690033
-1.6902771
-1.6902771
-1.6949158
-1.690033
-1.6902771
-1.6902771
-1.4185486
-1.6197205
-1.6902771
-1.6902771
-1.3931885
-1.5357361
-1.6902771
-1.6853943
-1.4341736
-1.4615173
-1.6873779
-1.6219482
-1.3052673
-1.4996033
-1.493988
-1.2957458
-1.1265564
-1.2310486
-1.1922302
-1.0994568
-1.0943298
-1.1705017
-1.1082458
-1.3484802
-1.230072
-1.2437439
-1.1600037
-0.9647217
-0.6558838
-0.68515015
-0.36605835
-0.32504272
-0.22616577
-0.31600952
-0.13168335
-0.26940918
-0.04940796
-0.5699158
-0.3914795
-0.14633179
0.06677246
-0.41854858
-0.3045349
-1.6902771
-1.690033
-1.690033
-1.6902771
-1.6902771
-1.690033
-1.690033
-1.6902771
-1.6902771
-1.690033
-1.690033
-1.6902771
-1.6902771
-1.690033
-1.690033
-1.6902771
-1.6902771
-1.690033
-1.690033
-1.6902771
-1.6902771
-1.4937439
-1.690033
-1.6902771
-1.6902771
-1.323822
-1.6021423
-1.6902771
-1.7010498
-1.4097595
-1.573822
-1.6873779
-1.6932068
-1.4283142
-1.5464783
-1.6199646
-1.4852295
-1.3570251
-1.5006104
-1.461792
-1.1102295
-1.136322
-1.3335876
-1.1980896
-0.69418335
-0.7965088
-1.1070557
-0.87875366
-0.94906616
-1.0396423
-1.2144775
-1.0613708
-0.73324585
-0.8785095
-1.0259705
-0.8748779
-0.14831543
-0.17346191
-0.40390015
-0.4119568
-0.09555054
-0.036743164
-0.6002197
-0.40316772
-0.16098022
-0.31698608
-0.573822
-0.2762146
-1.6902771
-1.690033
-1.690033
-1.6902771
-1.6902771
-1.690033
-1.690033
-1.6902771
-1.6902771
-1.5083923
-1.690033
-1.6902771
-1.6853943
-1.3843689
-1.6490173
-1.6893005
-1.673706
-1.4322205
-1.5279236
-1.681488
-1.4080505
-1.4390869
-1.4566345
-1.5867615
-1.3729248
-1.2203064
-1.2945557
-1.2078247
-1.1180115
-1.0152283
-1.2857361
-1.1209412
-1.0028076
-0.91171265
-1.1665955
-0.92562866
-1.0281677
-0.95666504
-1.1470642
-1.0799255
-1.0994568
-1.09729
-1.2027283
-1.0819092
-0.7528076
-0.7232361
-0.77108765
-0.516449
-0.3729248
-0.47421265
-0.47229004
0.08804321
0.08023071
-0.045532227
-0.2623291
0.29797363
