-1.690033
-1.690033
-1.690033
-1.6898193
-1.690033
-1.690033
-1.690033
-1.6898193
-1.690033
-1.690033
-1.690033
-1.6898193
-1.690033
-1.690033
-1.690033
-1.6898193
-1.690033
-1.690033
-1.690033
-1.6898193
-1.6890564
-1.690033
-1.690033
-1.6898193
-1.5044861
-1.690033
-1.690033
-1.6898193
-1.2378845
-1.6871338
-1.6802368
-1.6898193
-1.19104
-1.5142517
-1.4703064
-1.5911255
-1.190033
-1.3003845
-1.4068604
-1.4690857
-0.948822
-1.1792603
-1.2720642
-1.4456787
-0.8110962
-1.1441345
-1.1372986
-1.3508911
-0.6734314
-1.0523376
-0.81018066
-1.1243591
-0.34921265
-0.71640015
-0.6285095
-1.0071716
0.016998291
-0.4859619
-0.3609314
-0.6380005
0.60980225
-0.21350098
0.08828735
-0.28155518
1.0960999
0.3968811
0.7425537
0.7008362
1.2377014
0.63031006
0.941803
0.86587524
-1.690033
-1.690033
-1.690033
-1.6898193
-1.690033
-1.690033
-1.690033
-1.6898193
-1.690033
-1.690033
-1.690033
-1.6898193
-1.690033
-1.690033
-1.690033
-1.6898193
-1.690033
-1.690033
-1.690033
-1.6898193
-1.690033
-1.690033
-1.690033
-1.6898193
-1.6431885
-1.690033
-1.690033
-1.6898193
-1.19104
-1.6675415
-1.5904541
-1.669281
-0.9292908
-1.2662354
-1.2945557
-1.544281
-0.847229
-1.2623291
-1.1695251
-1.4661865
-0.84140015
-1.1997681
-1.0913696
-1.3811951
-0.8765564
-1.2574158
-1.1539001
-1.2923279
-0.6441345
-1.0767517
-0.8550415
-0.99642944
0.17028809
-0.71539307
-0.22421265
-0.5706482
0.33535767
-0.14511108
0.05316162
-0.20928955
1.0911865
0.6996155
0.614624
0.36688232
1.3617249
0.7923889
0.52282715
0.6071167
1.2933655
0.81777954
0.54922485
0.8121338
-1.690033
-1.690033
-1.690033
-1.6898193
-1.690033
-1.690033
-1.690033
-1.6898193
-1.690033
-1.690033
-1.690033
-1.6898193
-1.690033
-1.690033
-1.690033
-1.6898193
-1.690033
-1.690033
-1.690033
-1.6898193
-1.690033
-1.690033
-1.690033
-1.6898193
-1.6294861
-1.690033
-1.690033
-1.6898193
-1.2153931
-1.659729
-1.5777283
-1.6663818
-0.80718994
-1.2867432
-1.2408142
-1.4280701
-0.7671509
-1.1275024
-1.0621338
-1.2298584
-0.6548462
-0.9869385
-0.98495483
-1.1663208
-0.74472046
-0.95080566
-0.9956665
-1.191742
-0.64901733
-0.9547119
-0.79937744
-1.0716248
-0.3140869
-0.8189087
-0.8160095
-0.94177246
0.31289673
-0.39117432
-0.39315796
-0.5110779
0.9036865
0.39297485
0.10290527
0.11975098
1.21521
0.6937866
0.61660767
0.44396973
1.5101624
1.0169983
0.848053
1.0240479
-1.690033
-1.690033
-1.690033
-1.6898193
-1.690033
-1.690033
-1.690033
-1.6898193
-1.690033
-1.690033
-1.690033
-1.6898193
-1.690033
-1.690033
-1.690033
-1.6898193
-1.690033
-1.690033
-1.690033
-1.6898193
-1.690033
-1.690033
-1.690033
-1.6898193
-1.565033
-1.690033
-1.690033
-1.6898193
-1.4205017
-1.6832275
-1.6763306
-1.6497803
-1.0816345
-1.4029541
-1.2593384
-1.2903442
-0.8374939
-1.0465088
-1.1773376
-1.2220459
-0.80718994
-0.8658447
-1.1216736
-1.3001404
-0.7554321
-0.88046265
-1.0064697
-1.1693115
-0.66952515
-0.8160095
-1.0230103
-1.0520935
-0.50250244
-0.682251
-0.7779541
-0.77282715
0.29727173
-0.25354004
0.18008423
-0.21807861
0.65567017
0.31289673
0.4076233
0.2789917
1.1595459
1.0853577
1.1322327
1.3268127
1.4945679
1.3334045
1.6898499
1.3395386
-1.690033
-1.6861267
-1.690033
-1.6898193
-1.690033
-1.690033
-1.690033
-1.6898193
-1.690033
-1.690033
-1.690033
-1.6898193
-1.690033
-1.690033
-1.690033
-1.6898193
-1.690033
-1.690033
-1.690033
-1.6898193
-1.690033
-1.690033
-1.690033
-1.6898193
-1.690033
-1.690033
-1.690033
-1.6898193
-1.6343689
-1.690033
-1.690033
-1.6898193
-1.3189697
-1.5748291
-1.6285095
-1.6781006
-1.0474243
-1.3091736
-1.4371033
-1.4944458
-0.79937744
-0.9547119
-1.221283
-1.1311951
-0.7192993
-0.82281494
-1.1431274
-1.0667114
-0.75061035
-0.8980713
-1.2701111
-1.1839294
-0.7056885
-0.83358765
-1.1714478
-0.9769287
-0.1217041
-0.26815796
-0.56604004
-0.6673279
0.8158264
0.72109985
-0.10800171
-0.2708435
1.6673584
0.988678
0.5892639
0.2887268
1.6439209
1.0687561
1.0101929
0.760376
1.9095764
1.1878662
1.4281006
1.3531799
-1.690033
-1.690033
-1.690033
-1.6898193
-1.690033
-1.6851501
-1.690033
-1.6898193
-1.690033
-1.690033
-1.690033
-1.6898193
-1.690033
-1.690033
-1.690033
-1.6898193
-1.690033
-1.690033
-1.690033
-1.6898193
-1.690033
-1.690033
-1.690033
-1.6898193
-1.690033
-1.690033
-1.690033
-1.6898193
-1.690033
-1.690033
-1.690033
-1.6898193
-1.3999634
-1.6412048
-1.690033
-1.6898193
-1.0142822
-1.2711182
-1.4126892
-1.5423584
-0.67144775
-0.90197754
-1.1636353
-1.1526794
-0.6217041
-0.73101807
-1.1255798
-1.161499
-0.56695557
-0.63049316
-1.0865479
-1.0804138
-0.41760254
-0.56604004
-0.9908447
-0.97003174
-0.4136963
-0.5249939
-0.9097595
-0.7698364
-0.4361267
-0.7808533
-0.73690796
-0.6654053
0.0687561
-0.5533142
-0.7535095
-0.44662476
0.61953735
-0.15093994
-0.5338135
0.2418518
1.3285217
0.63223267
0.5619507
0.7731018
1.7884521
1.1048889
1.0726624
1.0104065
-1.690033
-1.690033
-1.690033
-1.6898193
-1.690033
-1.690033
-1.690033
-1.6898193
-1.690033
-1.690033
-1.690033
-1.6898193
-1.690033
-1.690033
-1.690033
-1.6898193
-1.690033
-1.690033
-1.690033
-1.6898193
-1.690033
-1.690033
-1.690033
-1.6898193
-1.690033
-1.690033
-1.690033
-1.6898193
-1.690033
-1.690033
-1.690033
-1.6898193
-1.6890564
-1.690033
-1.690033
-1.6898193
-1.3794556
-1.6675415
-1.690033
-1.6898193
-0.9751587
-1.3237915
-1.5064697
-1.513031
-0.7349243
-0.9205017
-1.0484314
-1.3284607
-0.36676025
-0.7876892
-0.9547119
-1.1790466
-0.38146973
-0.6069946
-0.79455566
-1.0383911
-0.20077515
-0.35803223
-0.7593384
-0.83529663
0.10681152
-0.048431396
-0.5122986
-0.43099976
0.18008423
0.03753662
-0.4517517
-0.19955444
0.19570923
0.07168579
-0.56604004
-0.2552185
0.44082642
0.3373108
0.2503662
0.13638306
1.2220764
1.0502319
0.9075928
0.8668823
1.6810608
1.4389038
1.0316162
1.0690002
-1.690033
-1.690033
-1.690033
-1.6898193
-1.690033
-1.690033
-1.690033
-1.6898193
-1.690033
-1.690033
-1.690033
-1.6898193
-1.690033
-1.690033
-1.690033
-1.6898193
-1.690033
-1.690033
-1.690033
-1.6898193
-1.690033
-1.690033
-1.690033
-1.6898193
-1.690033
-1.690033
-1.690033
-1.6898193
-1.6890564
-1.690033
-1.690033
-1.6898193
-1.4732361
-1.6685486
-1.690033
-1.6898193
-1.2574158
-1.050415
-1.5621033
-1.6048279
-1.0308838
-0.90686035
-1.0621338
-1.3558044
-0.46542358
-0.5933533
-0.6900635
-1.0550232
-0.25445557
-0.39416504
-0.4907837
-0.69174194
0.002319336
-0.10018921
-0.4517517
-0.6643982
0.11953735
0.06387329
-0.23400879
-0.29135132
0.6488342
0.31289673
0.1312561
-0.15072632
0.6390381
0.56585693
0.3685608
0.080718994
0.934021
0.7933655
0.5238342
0.60321045
1.2318115
0.9701538
0.5784912
0.674469
1.28656
1.0872803
0.94763184
1.1022034
-1.6851501
-1.690033
-1.690033
-1.6898193
-1.690033
-1.690033
-1.690033
-1.6898193
-1.690033
-1.690033
-1.690033
-1.6898193
-1.690033
-1.690033
-1.690033
-1.6898193
-1.690033
-1.690033
-1.690033
-1.6898193
-1.690033
-1.690033
-1.690033
-1.6898193
-1.690033
-1.690033
-1.690033
-1.6898193
-1.690033
-1.690033
-1.690033
-1.6898193
-1.690033
-1.690033
-1.690033
-1.6898193
-1.5230713
-1.6460876
-1.690033
-1.6898193
-1.0533142
-0.9566345
-1.4742126
-1.6106567
-0.7623291
-0.89416504
-1.0025635
-1.2855225
-0.52301025
-0.7652283
-0.79937744
-1.0344849
-0.19979858
-0.3970642
-0.7105713
-0.88513184
0.27478027
-0.0025024414
-0.18515015
-0.37435913
0.5980835
0.21813965
0.26504517
-0.014984131
0.52090454
0.0579834
-0.039642334
-0.059906006
0.9075928
0.44473267
0.0765686
0.022155762
0.98965454
0.66934204
0.3909912
0.4078369
1.2387085
0.7718811
0.5472412
0.5904846
1.6116943
1.3109741
1.0032959
0.85217285
-1.6802368
-1.6617126
-1.6880493
-1.6898193
-1.690033
-1.690033
-1.690033
-1.6898193
-1.690033
-1.690033
-1.690033
-1.6898193
-1.690033
-1.690033
-1.690033
-1.6898193
-1.690033
-1.690033
-1.690033
-1.6898193
-1.5406189
-1.5914307
-1.690033
-1.6898193
-0.9185791
-0.88635254
-1.4713135
-1.528656
-0.56604004
-0.60998535
-0.99176025
-1.1311951
-0.33554077
-0.37948608
-0.8463135
-1.0579834
-0.14221191
-0.26522827
-0.58358765
-0.848999
0.46914673
0.06777954
-0.31210327
-0.62145996
0.5872803
0.30999756
0.06585693
-0.11947632
0.5453186
0.121520996
0.022827148
-0.18392944
0.6468506
0.21331787
0.09020996
0.39712524
1.1742554
0.67715454
0.5550537
0.74575806
1.4808655
1.0472412
0.87927246
0.63934326
1.7523193
1.3392334
0.81481934
0.73114014
-1.690033
-1.690033
-1.690033
-1.6898193
-1.690033
-1.690033
-1.690033
-1.6898193
-1.4986572
-1.5328064
-1.690033
-1.6898193
-1.2164001
-1.0083923
-1.4576111
-1.5208435
-0.68026733
-0.6217041
-1.1412048
-1.0784302
-0.24862671
-0.23883057
-0.5279236
-0.59213257
-0.10897827
-0.0113220215
-0.26913452
-0.35482788
0.53652954
0.36367798
-0.044525146
-0.14971924
0.63812256
0.48770142
-0.009399414
-0.109680176
0.8822632
0.53845215
0.08239746
-0.09603882
0.9388428
0.3890686
0.26797485
0.33267212
1.1058655
0.7484436
0.54141235
0.6158447
1.2543335
0.72210693
0.6332092
0.736969
1.3753662
0.9701538
0.73083496
0.8638916
-1.6900635
-1.6905212
-1.6902771
-1.6902771
-1.6900635
-1.6905212
-1.6902771
-1.6902771
-1.6900635
-1.6905212
-1.6902771
-1.6902771
-1.6900635
-1.6905212
-1.6902771
-1.6902771
-1.6900635
-1.6905212
-1.6902771
-1.6902771
-1.6900635
-1.6905212
-1.6902771
-1.6902771
-1.6900635
-1.6905212
-1.6902771
-1.6902771
-1.6900635
-1.6905212
-1.6902771
-1.6902771
-1.6900635
-1.6905212
-1.6902771
-1.6902771
-1.6900635
-1.6905212
-1.6902771
-1.6902771
-1.6900635
-1.6827087
-1.633667
-1.6902771
-1.6607666
-1.4942627
-1.2156677
-1.478363
-1.0152283
-1.3370361
-1.197113
-1.4119263
-0.9517517
-1.1055908
-1.0809021
-1.4461365
-0.6705322
-0.8282471
-0.8523865
-1.2820435
0.011138916
-0.18954468
-0.0076293945
-0.35046387
0.17617798
0.30749512
0.3224182
-0.1307373
0.48864746
0.28308105
0.32339478
0.025512695
-1.6900635
-1.6905212
-1.6902771
-1.6902771
-1.6900635
-1.6905212
-1.6902771
-1.6902771
-1.6900635
-1.6905212
-1.6902771
-1.6902771
-1.6900635
-1.6905212
-1.6902771
-1.6902771
-1.6900635
-1.6905212
-1.6902771
-1.6902771
-1.6900635
-1.6905212
-1.6902771
-1.6902771
-1.6900635
-1.6905212
-1.6902771
-1.6902771
-1.6900635
-1.6905212
-1.6902771
-1.6902771
-1.6900635
-1.6905212
-1.6902771
-1.6902771
-1.6900635
-1.6905212
-1.6902771
-1.6902771
-1.6900635
-1.6905212
-1.6043396
-1.6902771
-1.6734619
-1.4786377
-1.414856
-1.5125732
-1.2105408
-1.3448486
-1.1434326
-1.2401123
-0.75253296
-1.01474
-0.9979248
-1.3074646
-0.55426025
-0.9239197
-0.81918335
-1.2049255
0.5013428
0.17663574
0.09194946
-0.55062866
0.48864746
0.26553345
0.19448853
-0.21859741
0.21136475
0.2616272
0.55581665
0.077301025
-1.6900635
-1.6905212
-1.6902771
-1.6902771
-1.6900635
-1.6905212
-1.6902771
-1.6902771
-1.6900635
-1.6905212
-1.6902771
-1.6902771
-1.6900635
-1.6905212
-1.6902771
-1.6902771
-1.6900635
-1.6905212
-1.6902771
-1.6902771
-1.6900635
-1.6905212
-1.6902771
-1.6902771
-1.6900635
-1.6905212
-1.6902771
-1.6902771
-1.6900635
-1.6905212
-1.6902771
-1.6902771
-1.6900635
-1.6905212
-1.6902771
-1.6902771
-1.6900635
-1.6905212
-1.6902771
-1.6902771
-1.6900635
-1.6895447
-1.5437622
-1.6902771
-1.6070251
-1.5098267
-1.4598083
-1.5418091
-1.2535095
-1.3057556
-1.2078552
-1.5037842
-1.1870728
-1.1690369
-0.92367554
-1.3074646
-0.8326111
-1.0059509
-0.78009033
-1.2888794
-0.38537598
-0.7715759
-0.78500366
-1.0379333
0.13809204
0.036010742
0.29312134
-0.3182068
0.26602173
0.32608032
0.43081665
-0.16781616
-1.6900635
-1.6905212
-1.6902771
-1.6902771
-1.6900635
-1.6905212
-1.6902771
-1.6902771
-1.6900635
-1.6905212
-1.6902771
-1.6902771
-1.6900635
-1.6905212
-1.6902771
-1.6902771
-1.6900635
-1.6905212
-1.6902771
-1.6902771
-1.6900635
-1.6905212
-1.6902771
-1.6902771
-1.6900635
-1.6905212
-1.6902771
-1.6902771
-1.6900635
-1.6905212
-1.6902771
-1.6902771
-1.6900635
-1.6905212
-1.6902771
-1.6902771
-1.6900635
-1.6905212
-1.6902771
-1.6902771
-1.6900635
-1.6905212
-1.664856
-1.6902771
-1.6236267
-1.5850525
-1.572113
-1.6902771
-1.4088135
-1.3624268
-1.2322693
-1.4050903
-0.8814392
-0.9131775
-0.6639099
-1.2166443
-0.5982361
-0.5088806
-0.28500366
-0.9920654
-0.023071289
0.10733032
-0.3651123
-0.85043335
0.6126709
0.6463928
0.3048401
-0.39434814
1.5560608
1.4198608
1.5557861
0.3048401
-1.6890869
-1.6905212
-1.6902771
-1.6902771
-1.6900635
-1.6905212
-1.6902771
-1.6902771
-1.6900635
-1.6905212
-1.6902771
-1.6902771
-1.6900635
-1.6905212
-1.6902771
-1.6902771
-1.6900635
-1.6905212
-1.6902771
-1.6902771
-1.6900635
-1.6905212
-1.6902771
-1.6902771
-1.6900635
-1.6905212
-1.6902771
-1.6902771
-1.6900635
-1.6905212
-1.6902771
-1.6902771
-1.6900635
-1.6905212
-1.6902771
-1.6902771
-1.6900635
-1.6905212
-1.6902771
-1.6902771
-1.6900635
-1.6905212
-1.6902771
-1.6902771
-1.6900635
-1.6905212
-1.6893005
-1.6902771
-1.6890869
-1.6817322
-1.524292
-1.6902771
-1.5796814
-1.6143799
-1.328949
-1.5896912
-1.2037048
-1.2823181
-0.9353943
-1.368042
-0.3501892
-0.31552124
-0.7088318
-0.7156677
0.51309204
0.47158813
-0.09851074
-0.32699585
0.6986389
0.680542
0.17886353
-0.051605225
0.8089905
0.68151855
0.7940674
0.34683228
-1.6900635
-1.6905212
-1.6902771
-1.6902771
-1.6900635
-1.6905212
-1.6902771
-1.6902771
-1.6900635
-1.6905212
-1.6902771
-1.6902771
-1.6900635
-1.6905212
-1.6902771
-1.6902771
-1.6900635
-1.6905212
-1.6902771
-1.6902771
-1.6900635
-1.6905212
-1.6902771
-1.6902771
-1.6900635
-1.6905212
-1.6902771
-1.6902771
-1.6900635
-1.6905212
-1.6902771
-1.6902771
-1.6900635
-1.6905212
-1.6902771
-1.6902771
-1.6900635
-1.6905212
-1.6902771
-1.6902771
-1.6900635
-1.6905212
-1.6902771
-1.6902771
-1.6900635
-1.6905212
-1.6902771
-1.6902771
-1.6900635
-1.6905212
-1.6873474
-1.6902771
-1.6881104
-1.6856384
-1.5809021
-1.6902771
-1.5191345
-1.5166931
-1.4002686
-1.6824646
-1.3287048
-1.4805908
-1.3435974
-1.4022217
-0.95565796
-1.0362244
-0.94906616
-1.1444092
-0.5357666
-0.5528259
-0.7635498
-0.87390137
-0.14318848
-0.24813843
-0.3260193
-0.5437927
0.5550842
0.6639404
0.6974182
0.35855103
-1.6900635
-1.6905212
-1.6902771
-1.6902771
-1.6900635
-1.6905212
-1.6902771
-1.6902771
-1.6900635
-1.6905212
-1.6902771
-1.6902771
-1.6900635
-1.6905212
-1.6902771
-1.6902771
-1.6900635
-1.6905212
-1.6902771
-1.6902771
-1.6900635
-1.6905212
-1.6902771
-1.6902771
-1.6900635
-1.6905212
-1.6902771
-1.6902771
-1.6900635
-1.6905212
-1.6902771
-1.6902771
-1.6900635
-1.6905212
-1.6902771
-1.6902771
-1.6900635
-1.6905212
-1.6902771
-1.6902771
-1.6900635
-1.6905212
-1.6902771
-1.6902771
-1.6900635
-1.6905212
-1.6902771
-1.6902771
-1.6890869
-1.6895447
-1.6902771
-1.6902771
-1.675415
-1.6895447
-1.6902771
-1.6902771
-1.3970642
-1.6905212
-1.6326904
-1.6902771
-1.0787048
-1.3682861
-1.2176208
-1.5652771
-0.53674316
-0.88778687
-0.7078552
-1.2859497
-0.27990723
-0.36724854
-0.32699585
-1.1121521
-0.23397827
-0.31552124
-0.3260193
-1.0828552
0.37731934
0.051635742
0.13977051
-0.71273804
0.74450684
0.6210022
0.5274658
-0.2810974
-1.6900635
-1.6905212
-1.6902771
-1.6902771
-1.6900635
-1.6905212
-1.6902771
-1.6902771
-1.6900635
-1.6905212
-1.6902771
-1.6902771
-1.6900635
-1.6905212
-1.6902771
-1.6902771
-1.6900635
-1.6905212
-1.6902771
-1.6902771
-1.6900635
-1.6905212
-1.6902771
-1.6902771
-1.6900635
-1.6905212
-1.6902771
-1.6902771
-1.6900635
-1.6905212
-1.6902771
-1.6902771
-1.6900635
-1.6905212
-1.6902771
-1.6902771
-1.6900635
-1.6905212
-1.6902771
-1.6902771
-1.6890869
-1.6905212
-1.6902771
-1.6902771
-1.6421814
-1.6875916
-1.6902771
-1.6902771
-1.2447205
-1.6455994
-1.6902771
-1.6902771
-1.1773682
-1.4151306
-1.5057373
-1.6873474
-0.48495483
-0.7715759
-0.9324646
-1.3455505
-0.2359314
-0.21594238
-0.36608887
-1.03302
-0.40197754
-0.374115
-0.2401123
-0.5154419
-0.3062439
-0.20617676
0.1348877
-0.22839355
0.3675537
0.31433105
0.4503479
-0.08969116
0.8831787
0.9481201
0.86343384
0.2423706
-1.6900635
-1.6905212
-1.6902771
-1.6902771
-1.6900635
-1.6905212
-1.6902771
-1.6902771
-1.6890869
-1.6905212
-1.6902771
-1.6902771
-1.6676025
-1.6905212
-1.6902771
-1.6902771
-1.6871338
-1.6905212
-1.6902771
-1.6902771
-1.6900635
-1.6905212
-1.6902771
-1.6902771
-1.6900635
-1.6905212
-1.6902771
-1.6902771
-1.6900635
-1.6905212
-1.6902771
-1.6902771
-1.6900635
-1.6905212
-1.6902771
-1.6902771
-1.6900635
-1.6905212
-1.6902771
-1.6902771
-1.6900635
-1.6905212
-1.6902771
-1.6902771
-1.6812744
-1.6885681
-1.6902771
-1.6902771
-1.3580017
-1.6573181
-1.6902771
-1.6902771
-1.3355408
-1.4600525
-1.6834412
-1.6902771
-1.261322
-1.273529
-1.4715271
-1.5339966
-1.0728455
-0.8135681
-0.91293335
-1.2791138
-0.9859314
-0.61920166
-0.66781616
-1.1160889
-0.5035095
-0.49127197
-0.7078552
-1.1346436
0.016021729
-0.021575928
0.006958008
-0.85336304
0.46038818
0.13467407
0.4532776
-0.2947693
0.551178
0.4052124
0.5313721
-0.11218262
-1.6900635
-1.6905212
-1.6902771
-1.6902771
-1.6900635
-1.6905212
-1.6902771
-1.6902771
-1.6900635
-1.6905212
-1.6902771
-1.6902771
-1.6900635
-1.6905212
-1.6902771
-1.6902771
-1.6900635
-1.6905212
-1.6902771
-1.6902771
-1.6900635
-1.6905212
-1.6902771
-1.6902771
-1.5992126
-1.6895447
-1.6902771
-1.6902771
-1.3814392
-1.6807556
-1.6902771
-1.6902771
-1.526001
-1.5381775
-1.688324
-1.6902771
-1.3365173
-1.3194275
-1.672699
-1.6902771
-1.05719
-0.64559937
-1.2752686
-1.5037842
-0.901001
-0.6504822
-0.7761841
-1.28302
-0.78674316
-0.51864624
-0.54867554
-0.61608887
-0.2701416
-0.39852905
-0.477417
-0.40512085
0.050201416
-0.21203613
-0.26055908
-0.54574585
0.24157715
0.1541748
-0.06820679
-0.5183716
0.42715454
0.15032959
0.16030884
-0.4373474
-1.6900635
-1.6905212
-1.6902771
-1.6902771
-1.6900635
-1.6905212
-1.6902771
-1.6902771
-1.6900635
-1.6905212
-1.6902771
-1.6902771
-1.6294861
-1.6739197
-1.6902771
-1.6902771
-1.4029541
-1.4600525
-1.6893005
-1.6902771
-1.3628845
-1.4219666
-1.6522217
-1.6902771
-1.2154236
-1.1143799
-1.4324646
-1.6902771
-0.86776733
-0.8975525
-1.1756287
-1.462738
-0.70565796
-0.8282471
-0.9031372
-1.2918396
-0.42242432
-0.55770874
-0.7615967
-1.4393005
-0.1031189
-0.42782593
-0.493042
-0.82992554
0.37145996
0.053588867
0.069488525
-0.4480896
0.65859985
0.4354248
0.36932373
-0.36706543
0.7113342
0.53796387
0.3067932
-0.062347412
