-1.6902771
-1.6897888
-1.690033
-1.6902771
-1.6902771
-1.6897888
-1.690033
-1.6902771
-1.6902771
-1.6897888
-1.690033
-1.6902771
-1.6902771
-1.6897888
-1.690033
-1.6902771
-1.6902771
-1.6897888
-1.690033
-1.6902771
-1.6902771
-1.6897888
-1.690033
-1.6902771
-1.6902771
-1.6897888
-1.690033
-1.6902771
-1.6902771
-1.6897888
-1.690033
-1.6902771
-1.6902771
-1.6897888
-1.690033
-1.6902771
-1.6902771
-1.6897888
-1.690033
-1.6902771
-1.6902771
-1.6897888
-1.690033
-1.6902771
-1.6902771
-1.6897888
-1.690033
-1.6902771
-1.6902771
-1.6897888
-1.690033
-1.6902771
-1.6902771
-1.6897888
-1.6890869
-1.6902771
-1.5555115
-1.6878662
-1.3013916
-1.4676514
-0.46957397
-0.1282959
-0.5542908
-0.39437866
0.5255432
0.35412598
0.03652954
0.32434082
0.45617676
0.3043518
0.13317871
0.2911682
-1.6902771
-1.6897888
-1.690033
-1.6902771
-1.6902771
-1.6897888
-1.690033
-1.6902771
-1.6902771
-1.6897888
-1.690033
-1.6902771
-1.6902771
-1.6897888
-1.690033
-1.6902771
-1.6902771
-1.6897888
-1.690033
-1.6902771
-1.6902771
-1.6897888
-1.690033
-1.6902771
-1.6902771
-1.6897888
-1.690033
-1.6902771
-1.6902771
-1.6897888
-1.690033
-1.6902771
-1.6902771
-1.6897888
-1.690033
-1.6902771
-1.6902771
-1.6897888
-1.690033
-1.6902771
-1.6902771
-1.6897888
-1.690033
-1.6902771
-1.6902771
-1.6897888
-1.690033
-1.6902771
-1.6902771
-1.6897888
-1.690033
-1.6902771
-1.672699
-1.6897888
-1.6890869
-1.6853943
-0.67663574
-1.6272888
-1.2945557
-1.2703247
0.21304321
0.23306274
-0.07284546
-0.35534668
0.4239807
0.2886963
0.40856934
0.12322998
0.6173706
0.36880493
0.37731934
0.5314026
-1.6902771
-1.6897888
-1.690033
-1.6902771
-1.6902771
-1.6897888
-1.690033
-1.6902771
-1.6902771
-1.6897888
-1.690033
-1.6902771
-1.6902771
-1.6897888
-1.690033
-1.6902771
-1.6902771
-1.6897888
-1.690033
-1.6902771
-1.6902771
-1.6897888
-1.690033
-1.6902771
-1.6902771
-1.6897888
-1.690033
-1.6902771
-1.6902771
-1.6897888
-1.690033
-1.6902771
-1.6902771
-1.6897888
-1.690033
-1.6902771
-1.6902771
-1.6897888
-1.690033
-1.6902771
-1.6902771
-1.6897888
-1.690033
-1.6902771
-1.6902771
-1.6897888
-1.690033
-1.6902771
-1.6902771
-1.6897888
-1.690033
-1.6902771
-1.6072693
-1.6897888
-1.6881104
-1.6883545
-1.1170654
-1.6438904
-1.3824158
-1.3680115
-0.2684021
-0.8675232
-0.56503296
-0.9529724
0.54992676
-0.056030273
-0.18026733
-0.08187866
0.70718384
0.60510254
-0.010345459
0.32339478
-1.6902771
-1.6897888
-1.690033
-1.6902771
-1.6902771
-1.6897888
-1.690033
-1.6902771
-1.6902771
-1.6897888
-1.690033
-1.6902771
-1.6902771
-1.6897888
-1.690033
-1.6902771
-1.6902771
-1.6897888
-1.690033
-1.6902771
-1.6902771
-1.6897888
-1.690033
-1.6902771
-1.6902771
-1.6897888
-1.690033
-1.6902771
-1.6902771
-1.6897888
-1.690033
-1.6902771
-1.6902771
-1.6897888
-1.690033
-1.6902771
-1.6902771
-1.6897888
-1.690033
-1.6902771
-1.6902771
-1.6897888
-1.690033
-1.6902771
-1.6902771
-1.6897888
-1.690033
-1.6902771
-1.6893005
-1.6897888
-1.690033
-1.6902771
-1.2537842
-1.6565857
-1.5289001
-1.618988
-0.8328552
-1.1741638
-0.9136963
-1.072113
-0.45199585
-0.56381226
-0.4390564
-0.47247314
0.52648926
0.08364868
-0.36483765
0.26089478
1.0069885
0.51138306
-0.097229004
0.44155884
-1.6902771
-1.6897888
-1.690033
-1.6902771
-1.6902771
-1.6897888
-1.690033
-1.6902771
-1.6902771
-1.6897888
-1.690033
-1.6902771
-1.6902771
-1.6897888
-1.690033
-1.6902771
-1.6902771
-1.6897888
-1.690033
-1.6902771
-1.6902771
-1.6897888
-1.690033
-1.6902771
-1.6902771
-1.6897888
-1.690033
-1.6902771
-1.6902771
-1.6897888
-1.690033
-1.6902771
-1.6902771
-1.6897888
-1.690033
-1.6902771
-1.6902771
-1.6897888
-1.690033
-1.6902771
-1.6902771
-1.6897888
-1.690033
-1.6902771
-1.6902771
-1.6897888
-1.690033
-1.6902771
-1.6902771
-1.6897888
-1.690033
-1.6902771
-1.6834412
-1.6897888
-1.690033
-1.6902771
-1.0096436
-1.6507263
-1.3765564
-1.5184021
-0.10824585
-0.31088257
-0.49472046
-0.9422302
0.41812134
0.2135315
0.11465454
-0.12484741
0.5939026
0.2886963
0.45254517
0.2286377
1.3917542
0.65005493
0.6048584
0.62805176
-1.6902771
-1.6897888
-1.690033
-1.6902771
-1.6902771
-1.6897888
-1.690033
-1.6902771
-1.6902771
-1.6897888
-1.690033
-1.6902771
-1.6902771
-1.6897888
-1.690033
-1.6902771
-1.6902771
-1.6897888
-1.690033
-1.6902771
-1.6902771
-1.6897888
-1.690033
-1.6902771
-1.6902771
-1.6897888
-1.690033
-1.6902771
-1.6902771
-1.6897888
-1.690033
-1.6902771
-1.6902771
-1.6897888
-1.690033
-1.6902771
-1.6902771
-1.6897888
-1.690033
-1.6902771
-1.6902771
-1.6897888
-1.690033
-1.6902771
-1.6902771
-1.6897888
-1.690033
-1.6902771
-1.6902771
-1.6897888
-1.690033
-1.6902771
-1.6902771
-1.6897888
-1.690033
-1.6902771
-1.6902771
-1.6897888
-1.690033
-1.6902771
-1.486206
-1.6897888
-1.6890869
-1.6756592
-1.203949
-1.5921631
-1.2798767
-1.1482849
-0.80355835
-0.5257263
-0.46154785
-0.43737793
0.4347229
0.54849243
-0.0982666
0.22183228
0.9112854
0.77993774
0.21234131
0.8038635
-1.6902771
-1.6897888
-1.690033
-1.6902771
-1.6902771
-1.6897888
-1.690033
-1.6902771
-1.6902771
-1.6897888
-1.690033
-1.6902771
-1.6902771
-1.6897888
-1.690033
-1.6902771
-1.6902771
-1.6897888
-1.690033
-1.6902771
-1.6902771
-1.6897888
-1.690033
-1.6902771
-1.6902771
-1.6897888
-1.690033
-1.6902771
-1.6902771
-1.6897888
-1.690033
-1.6902771
-1.6902771
-1.6897888
-1.690033
-1.6902771
-1.6902771
-1.6897888
-1.690033
-1.6902771
-1.6902771
-1.6897888
-1.690033
-1.6902771
-1.6902771
-1.6897888
-1.690033
-1.6902771
-1.6902771
-1.6897888
-1.690033
-1.6902771
-1.6902771
-1.6897888
-1.690033
-1.6902771
-1.6805115
-1.6897888
-1.690033
-1.6902771
-1.0359802
-1.6712646
-1.6607361
-1.6902771
-0.88952637
-0.9984131
-1.1890564
-1.6560974
-0.63952637
-0.91345215
-1.1890564
-1.1863708
0.35073853
0.103149414
-0.3267517
-0.11312866
0.10461426
0.110961914
-0.20370483
-0.009643555
0.2579651
0.35610962
0.011138916
0.37219238
-1.6902771
-1.6897888
-1.690033
-1.6902771
-1.6902771
-1.6897888
-1.690033
-1.6902771
-1.6902771
-1.6897888
-1.690033
-1.6902771
-1.6902771
-1.6897888
-1.690033
-1.6902771
-1.6902771
-1.6897888
-1.690033
-1.6902771
-1.6902771
-1.6897888
-1.690033
-1.6902771
-1.6902771
-1.6897888
-1.690033
-1.6902771
-1.6902771
-1.6897888
-1.690033
-1.6902771
-1.6902771
-1.6897888
-1.690033
-1.6902771
-1.6902771
-1.6897888
-1.690033
-1.6902771
-1.6902771
-1.6897888
-1.690033
-1.6902771
-1.6893005
-1.6897888
-1.690033
-1.6902771
-1.6453247
-1.6897888
-1.690033
-1.6902771
-1.1717224
-1.6878662
-1.6451111
-1.6756592
-0.6805115
-1.3011475
-1.0708923
-1.1639404
-0.6775818
-1.2454529
-0.9996033
-0.8748474
-0.4060974
-0.5726013
-0.9283142
-0.97836304
0.30578613
0.19204712
-0.40093994
-0.22543335
0.23547363
0.37075806
-0.20568848
-0.0418396
0.39562988
0.72424316
0.18887329
0.5578003
-1.6902771
-1.6897888
-1.690033
-1.6902771
-1.6902771
-1.6897888
-1.690033
-1.6902771
-1.6902771
-1.6897888
-1.690033
-1.6902771
-1.6902771
-1.6897888
-1.690033
-1.6902771
-1.6902771
-1.6897888
-1.690033
-1.6902771
-1.6902771
-1.6897888
-1.690033
-1.6902771
-1.6902771
-1.6897888
-1.690033
-1.6902771
-1.6902771
-1.6897888
-1.690033
-1.6902771
-1.6902771
-1.6897888
-1.690033
-1.6902771
-1.6902771
-1.6897888
-1.690033
-1.6902771
-1.6902771
-1.6897888
-1.690033
-1.6902771
-1.6834412
-1.6897888
-1.690033
-1.6902771
-1.6346436
-1.6897888
-1.690033
-1.6902771
-1.2801208
-1.6897888
-1.690033
-1.6902771
-0.72543335
-1.3587341
-1.2779541
-1.1785583
-0.5155029
-1.0550232
-0.97714233
-0.80651855
-0.49108887
-0.81088257
-0.79159546
-0.9022217
-0.43051147
-0.40270996
-0.542572
-1.0203247
-0.012542725
0.032836914
-0.43319702
-0.24694824
0.31951904
0.29553223
-0.1998291
-0.1902771
0.7003174
0.6939697
0.19180298
0.1583252
-1.6902771
-1.6897888
-1.690033
-1.6902771
-1.6902771
-1.6897888
-1.690033
-1.6902771
-1.6902771
-1.6897888
-1.690033
-1.6902771
-1.6902771
-1.6897888
-1.690033
-1.6902771
-1.6902771
-1.6897888
-1.690033
-1.6902771
-1.6902771
-1.6897888
-1.690033
-1.6902771
-1.6844177
-1.6897888
-1.690033
-1.6902771
-1.6278076
-1.6897888
-1.690033
-1.6902771
-1.2684021
-1.6897888
-1.690033
-1.6902771
-1.3357544
-1.6868591
-1.6490173
-1.6560974
-0.9432373
-1.2952881
-1.0562744
-0.99108887
-0.64242554
-1.160492
-0.9097595
-0.461792
-0.2810974
-0.43881226
-0.3580017
-0.28988647
0.16030884
-0.118499756
-0.7437439
-0.5633545
0.3439026
0.006500244
-0.37948608
-0.3103943
0.6720276
0.23110962
-0.26428223
-0.24206543
1.045044
0.50842285
0.1781311
-0.059417725
-1.6902771
-1.6897888
-1.690033
-1.6902771
-1.6902771
-1.6897888
-1.690033
-1.6902771
-1.6873779
-1.6897888
-1.690033
-1.6902771
-1.5906677
-1.6897888
-1.690033
-1.6902771
-1.4529724
-1.6897888
-1.690033
-1.6902771
-1.400238
-1.6878662
-1.690033
-1.6902771
-0.8533325
-1.2083435
-1.471283
-1.2986755
-0.7918396
-1.1644287
-1.2984314
-1.2518005
-0.5623779
-0.9173279
-1.0523376
-1.0516357
-0.5028076
-0.770874
-0.8531189
-0.9109802
-0.3855896
-0.66830444
-0.6734314
-0.7059326
-0.13366699
-0.3987732
-0.40390015
-0.2576599
0.12219238
-0.11264038
-0.25354004
0.08703613
0.3927307
0.1451416
-0.11483765
0.4581604
-1.690033
-1.6897888
-1.6895447
-1.6897888
-1.690033
-1.6897888
-1.6895447
-1.6897888
-1.690033
-1.6897888
-1.6895447
-1.6897888
-1.690033
-1.6897888
-1.6895447
-1.6897888
-1.690033
-1.6897888
-1.6895447
-1.6897888
-1.690033
-1.6897888
-1.6895447
-1.6897888
-1.690033
-1.6897888
-1.6895447
-1.6897888
-1.690033
-1.6897888
-1.6895447
-1.6897888
-1.690033
-1.6897888
-1.6895447
-1.6897888
-1.690033
-1.6897888
-1.6895447
-1.6897888
-1.690033
-1.6897888
-1.6895447
-1.6897888
-1.690033
-1.6897888
-1.6895447
-1.6897888
-1.6783142
-1.6419373
-1.6368103
-1.6897888
-1.5884705
-1.4632568
-1.4229431
-1.6565857
-1.5376892
-1.3353271
-0.9815674
-1.1644287
-1.2164307
-0.95443726
-0.45422363
-0.6175537
-0.7076111
-0.08630371
0.16885376
-0.09701538
-0.35510254
0.014282227
0.20791626
0.1607666
-1.690033
-1.6897888
-1.6895447
-1.6897888
-1.690033
-1.6897888
-1.6895447
-1.6897888
-1.690033
-1.6897888
-1.6895447
-1.6897888
-1.690033
-1.6897888
-1.6895447
-1.6897888
-1.690033
-1.6897888
-1.6895447
-1.6897888
-1.690033
-1.6897888
-1.6895447
-1.6897888
-1.690033
-1.6897888
-1.6895447
-1.6897888
-1.690033
-1.6897888
-1.6895447
-1.6897888
-1.690033
-1.6897888
-1.6895447
-1.6897888
-1.690033
-1.6897888
-1.6895447
-1.6897888
-1.690033
-1.6897888
-1.6895447
-1.6897888
-1.690033
-1.6897888
-1.6895447
-1.6897888
-1.6607361
-1.6038513
-1.6182556
-1.6897888
-1.4537048
-1.4476318
-1.3418884
-1.6292725
-1.3599548
-1.4476318
-1.0557556
-0.9154053
-0.85702515
-0.9612732
-0.803833
-0.872406
-0.20666504
-0.39389038
-0.280365
-0.55892944
-0.08557129
0.054351807
0.25186157
-0.11166382
-1.690033
-1.6897888
-1.6895447
-1.6897888
-1.690033
-1.6897888
-1.6895447
-1.6897888
-1.690033
-1.6897888
-1.6895447
-1.6897888
-1.690033
-1.6897888
-1.6895447
-1.6897888
-1.690033
-1.6897888
-1.6895447
-1.6897888
-1.690033
-1.6897888
-1.6895447
-1.6897888
-1.690033
-1.6897888
-1.6895447
-1.6897888
-1.690033
-1.6897888
-1.6895447
-1.6897888
-1.690033
-1.6897888
-1.6895447
-1.6897888
-1.690033
-1.6897888
-1.6895447
-1.6897888
-1.690033
-1.6897888
-1.6895447
-1.6897888
-1.690033
-1.6897888
-1.6895447
-1.6897888
-1.6929626
-1.6654053
-1.5968018
-1.6614685
-1.5299072
-1.3997803
-1.2373962
-1.0716248
-1.511322
-1.325531
-1.0499268
-0.9798279
-1.4371033
-1.144867
-1.0108337
-0.9095154
-0.6812439
-0.2562256
-0.01965332
-0.3861084
-0.49960327
-0.067718506
0.19714355
0.079711914
-1.690033
-1.6897888
-1.6895447
-1.6897888
-1.690033
-1.6897888
-1.6895447
-1.6897888
-1.690033
-1.6897888
-1.6895447
-1.6897888
-1.690033
-1.6897888
-1.6895447
-1.6897888
-1.690033
-1.6897888
-1.6895447
-1.6897888
-1.690033
-1.6897888
-1.6895447
-1.6897888
-1.690033
-1.6897888
-1.6895447
-1.6897888
-1.690033
-1.6897888
-1.6895447
-1.6897888
-1.690033
-1.6897888
-1.6895447
-1.6897888
-1.690033
-1.6897888
-1.6895447
-1.6897888
-1.690033
-1.6897888
-1.6895447
-1.6897888
-1.690033
-1.6897888
-1.6895447
-1.6897888
-1.690033
-1.6897888
-1.6895447
-1.6829834
-1.5845947
-1.4212341
-1.4659424
-1.3480225
-1.236908
-1.2493896
-0.7501221
-0.77474976
-1.0386658
-1.052124
-0.7950134
-0.9876404
-0.7047119
-0.48571777
-0.24325562
-0.32943726
-0.57870483
-0.2737732
0.11709595
0.04067993
-1.690033
-1.6897888
-1.6895447
-1.6897888
-1.690033
-1.6897888
-1.6895447
-1.6897888
-1.690033
-1.6897888
-1.6895447
-1.6897888
-1.690033
-1.6897888
-1.6895447
-1.6897888
-1.690033
-1.6897888
-1.6895447
-1.6897888
-1.690033
-1.6897888
-1.6895447
-1.6897888
-1.690033
-1.6897888
-1.6895447
-1.6897888
-1.690033
-1.6897888
-1.6895447
-1.6897888
-1.690033
-1.6897888
-1.6895447
-1.6897888
-1.690033
-1.6897888
-1.6895447
-1.6897888
-1.690033
-1.6897888
-1.6895447
-1.6897888
-1.690033
-1.6897888
-1.6895447
-1.6897888
-1.690033
-1.6897888
-1.6895447
-1.6897888
-1.690033
-1.6897888
-1.6895447
-1.6897888
-1.690033
-1.504242
-1.263794
-1.6038513
-1.355072
-1.0306091
-0.23251343
-0.44760132
-0.7593689
-0.6595154
-0.2520752
-0.119506836
-0.07675171
-0.011077881
0.23233032
0.5455322
-0.21347046
0.557251
0.70010376
0.70666504
-1.690033
-1.6897888
-1.6895447
-1.6897888
-1.690033
-1.6897888
-1.6895447
-1.6897888
-1.690033
-1.6897888
-1.6895447
-1.6897888
-1.690033
-1.6897888
-1.6895447
-1.6897888
-1.690033
-1.6897888
-1.6895447
-1.6897888
-1.690033
-1.6897888
-1.6895447
-1.6897888
-1.690033
-1.6897888
-1.6895447
-1.6897888
-1.690033
-1.6897888
-1.6895447
-1.6897888
-1.690033
-1.6897888
-1.6895447
-1.6897888
-1.690033
-1.6897888
-1.6895447
-1.6897888
-1.690033
-1.6897888
-1.6895447
-1.6897888
-1.690033
-1.6897888
-1.6895447
-1.6897888
-1.690033
-1.6897888
-1.6895447
-1.6897888
-1.690033
-1.6897888
-1.6895447
-1.6897888
-1.690033
-1.6820068
-1.6895447
-1.6897888
-1.6842041
-1.6370544
-1.5567322
-1.6272888
-1.4751892
-1.3743591
-1.2803955
-1.2464294
-0.995697
-1.1878357
-1.0245056
-0.64193726
-0.71643066
-0.63513184
-0.27548218
0.43130493
-0.44100952
0.04650879
0.084869385
0.8424072
-1.690033
-1.6897888
-1.6895447
-1.6897888
-1.690033
-1.6897888
-1.6895447
-1.6897888
-1.690033
-1.6897888
-1.6895447
-1.6897888
-1.690033
-1.6897888
-1.6895447
-1.6897888
-1.690033
-1.6897888
-1.6895447
-1.6897888
-1.690033
-1.6897888
-1.6895447
-1.6897888
-1.690033
-1.6897888
-1.6895447
-1.6897888
-1.690033
-1.6897888
-1.6895447
-1.6897888
-1.690033
-1.6897888
-1.6895447
-1.6897888
-1.690033
-1.6897888
-1.6895447
-1.6897888
-1.690033
-1.6897888
-1.6895447
-1.6897888
-1.690033
-1.6897888
-1.6895447
-1.6897888
-1.690033
-1.6897888
-1.6895447
-1.6897888
-1.690033
-1.6897888
-1.6895447
-1.6897888
-1.690033
-1.6888123
-1.6837158
-1.6897888
-1.6793213
-1.4378357
-1.3692322
-1.6058044
-1.6461182
-1.49646
-1.0831299
-1.3606873
-1.6812744
-1.5540466
-1.1514893
-1.2181396
-1.690033
-1.6565857
-1.366333
-0.9895935
-1.5923767
-1.2650146
-1.0567322
-0.6458435
-0.3609314
-0.30697632
0.30166626
0.3453369
-1.690033
-1.6897888
-1.6895447
-1.6897888
-1.690033
-1.6897888
-1.6895447
-1.6897888
-1.690033
-1.6897888
-1.6895447
-1.6897888
-1.690033
-1.6897888
-1.6895447
-1.6897888
-1.690033
-1.6897888
-1.6895447
-1.6897888
-1.690033
-1.6897888
-1.6895447
-1.6897888
-1.690033
-1.6897888
-1.6895447
-1.6897888
-1.690033
-1.6897888
-1.6895447
-1.6897888
-1.690033
-1.6897888
-1.6895447
-1.6897888
-1.690033
-1.6897888
-1.6895447
-1.6897888
-1.690033
-1.6897888
-1.6895447
-1.6897888
-1.690033
-1.6897888
-1.6895447
-1.6897888
-1.690033
-1.6897888
-1.6895447
-1.6897888
-1.690033
-1.6897888
-1.6798096
-1.6399841
-1.6246033
-1.4768982
-1.554779
-1.3616638
-1.2964783
-1.4144287
-1.3545837
-1.263031
-1.5152588
-1.2757263
-1.3526306
-1.0882263
-1.3697205
-1.2239685
-1.2120056
-0.8782654
-0.5220947
-0.40756226
-0.40344238
0.10900879
0.2328186
-0.10775757
0.16885376
0.3277588
-1.690033
-1.6897888
-1.6895447
-1.6897888
-1.690033
-1.6897888
-1.6895447
-1.6897888
-1.690033
-1.6897888
-1.6895447
-1.6897888
-1.690033
-1.6897888
-1.6895447
-1.6897888
-1.690033
-1.6897888
-1.6895447
-1.6897888
-1.690033
-1.6897888
-1.6895447
-1.6897888
-1.690033
-1.6897888
-1.6895447
-1.6897888
-1.690033
-1.6897888
-1.6895447
-1.6897888
-1.690033
-1.6897888
-1.6895447
-1.6897888
-1.690033
-1.6897888
-1.6895447
-1.6897888
-1.690033
-1.6897888
-1.6895447
-1.6897888
-1.690033
-1.6897888
-1.6895447
-1.6897888
-1.690033
-1.6897888
-1.6895447
-1.6897888
-1.690033
-1.6897888
-1.6895447
-1.6897888
-1.690033
-1.6897888
-1.6895447
-1.5931091
-1.690033
-1.6897888
-1.6895447
-1.2005615
-1.6040955
-1.4788513
-1.5001221
-1.1976318
-1.4107361
-1.3050232
-1.0567322
-0.770874
-0.9058533
-1.0589294
-0.9532471
-0.5345459
-0.30529785
-0.49447632
-0.374115
-0.04916382
-0.078704834
-0.33041382
-0.15441895
-0.0032958984
-1.690033
-1.6897888
-1.6895447
-1.6897888
-1.690033
-1.6897888
-1.6895447
-1.6897888
-1.690033
-1.6897888
-1.6895447
-1.6897888
-1.690033
-1.6897888
-1.6895447
-1.6897888
-1.690033
-1.6897888
-1.6895447
-1.6897888
-1.690033
-1.6897888
-1.6895447
-1.6897888
-1.690033
-1.6897888
-1.6895447
-1.6897888
-1.690033
-1.6897888
-1.6895447
-1.6897888
-1.690033
-1.6897888
-1.6895447
-1.6897888
-1.690033
-1.6897888
-1.6895447
-1.6897888
-1.690033
-1.6897888
-1.6895447
-1.6829834
-1.690033
-1.6897888
-1.6895447
-1.5393982
-1.6685486
-1.5237732
-1.529419
-1.2620544
-1.1363525
-0.9114685
-1.0225525
-0.8001709
-0.8511963
-0.7425232
-0.77841187
-0.35290527
-0.7545166
-0.64682007
-0.65441895
-0.2689209
-0.5230408
-0.45736694
-0.624115
-0.25717163
-1.690033
-1.6897888
-1.6895447
-1.6897888
-1.690033
-1.6897888
-1.6895447
-1.6897888
-1.690033
-1.6897888
-1.6895447
-1.6897888
-1.690033
-1.6897888
-1.6895447
-1.6897888
-1.690033
-1.6897888
-1.6895447
-1.6897888
-1.690033
-1.6897888
-1.6895447
-1.6897888
-1.690033
-1.6897888
-1.6895447
-1.6897888
-1.690033
-1.6897888
-1.6895447
-1.6546326
-1.690033
-1.6897888
-1.6895447
-1.4984131
-1.690033
-1.6878357
-1.686615
-1.3216248
-1.5328369
-1.3401794
-1.4141846
-0.78356934
-0.92245483
-1.1185303
-1.0245056
-0.7298279
-0.47229004
-0.6175537
-0.7637634
-0.36654663
0.11071777
-0.11654663
-0.24520874
0.06311035
