0.17471313
-0.4925537
-0.31427002
-0.6704712
-0.42785645
-1.1038818
-1.2059326
-1.5367126
-0.9902954
-1.5335388
-1.5886841
-1.6578064
-1.6729431
-1.482727
-1.461731
-1.3931274
-1.663147
-1.1575317
-0.82992554
-0.6890259
-0.9317322
-0.5334778
-0.5779419
-0.16168213
-0.5020752
-0.36358643
-0.2557068
-0.03967285
-0.21490479
-0.3352661
-0.37387085
-0.15875244
-0.20028687
-0.16143799
-0.3201294
-0.067993164
-0.022521973
0.15881348
0.043151855
0.32363892
0.12780762
0.41766357
0.20135498
0.39593506
0.43252563
0.47332764
0.30099487
0.4066162
0.5145874
0.6598511
0.4972229
0.54333496
0.7313843
0.75845337
0.75109863
0.73965454
1.001831
1.1002808
1.1886292
1.0277405
1.3231812
1.5386963
1.7706909
1.5482483
2.054596
2.024109
2.170105
2.083435
2.070221
2.4499207
2.6330261
2.2367249
0.7664795
0.11102295
0.0753479
-0.49572754
0.54678345
-0.19952393
-0.8709717
-1.4898071
-0.2276001
-1.6048279
-1.6882935
-1.6900635
-1.678772
-1.6878052
-1.6893005
-1.6109314
-1.6895752
-1.4993591
-1.3103943
-0.9468384
-1.624115
-0.84313965
-0.6140442
-0.109954834
-0.56259155
-0.12631226
-0.17462158
0.30114746
0.10736084
0.4088745
-0.08477783
0.47891235
0.39440918
0.4274292
0.0021362305
0.29238892
0.41497803
0.3512268
0.22576904
0.37738037
0.6034241
0.37854004
0.43670654
0.42910767
0.5897217
0.5768738
0.5430908
0.48867798
0.62976074
0.7067261
0.5928955
0.68499756
1.0311584
1.0953369
1.2189636
1.0550537
1.2499695
1.5465698
1.6281433
1.2328186
1.7469788
2.111023
2.1651611
1.5482483
1.921814
2.3815308
2.3624878
1.9379272
2.1083374
2.3278198
2.3166199
2.0892944
1.2001648
0.4616089
0.23937988
-0.5239563
1.1445007
0.38931274
-0.61898804
-1.2007446
0.09655762
-1.5804138
-1.6882935
-1.6900635
-1.679779
-1.6898193
-1.6902161
-1.6900635
-1.6895752
-1.6712646
-1.6297302
-1.5992126
-1.6885681
-1.2523193
-0.76641846
-0.9517822
-0.2979126
-0.13317871
-0.12976074
0.09906006
0.60928345
0.5270386
0.17202759
0.46722412
0.7176819
0.43814087
0.25601196
0.5716858
0.7664795
0.49188232
0.37612915
0.50531006
0.75772095
0.5084839
0.513855
0.54333496
0.6835022
0.5787964
0.63687134
0.69085693
0.9647217
0.9400635
1.0470581
0.72109985
1.1336975
1.2574768
1.3995667
0.9466858
1.1737366
1.2106018
1.5509033
1.3685608
1.4286499
1.5045166
1.7550659
1.5707092
1.8720093
2.0172424
2.1290588
2.0033875
2.0526733
2.0845947
2.3712769
2.2982178
0.86901855
0.35906982
-0.1199646
-0.69003296
1.0370178
0.14904785
-0.6980591
-1.0347595
-0.9404907
-1.676117
-1.664917
-1.6890564
-1.6895752
-1.6898193
-1.6902161
-1.6900635
-1.6895752
-1.6898193
-1.6902161
-1.6714172
-1.6895752
-1.5940247
-1.0369263
-0.9908142
-0.58013916
-0.29522705
-0.24591064
-0.06304932
0.5096741
0.55630493
0.5772705
0.23480225
0.83584595
0.63442993
0.6906128
0.5170288
0.836853
0.6168823
0.7814636
0.46136475
0.8661194
0.4810791
0.77853394
0.54626465
0.83291626
0.62960815
0.8331909
0.6644592
0.805603
0.87371826
0.95913696
0.7133484
1.196228
1.2193604
1.4093323
1.2171936
1.6473389
1.5797424
1.6681519
1.6048889
2.3456116
2.2321167
2.12323
2.1605835
2.2108765
2.4439697
2.5655823
2.5502014
2.5350647
2.7155151
2.750183
2.8773804
-0.024536133
-0.51400757
-0.6756592
-1.0884094
0.5409241
-0.093048096
-0.41098022
-0.9517822
-0.5557251
-0.86361694
-0.953949
-1.3111572
-1.6866455
-1.6888123
-1.6843872
-1.6900635
-1.6895752
-1.6898193
-1.6902161
-1.6900635
-1.6895752
-1.6898193
-1.6893005
-1.6734314
-1.6895752
-1.5667114
-0.96466064
-0.99765015
-0.97961426
-0.50616455
-0.5808716
-0.20370483
-0.3887329
0.038726807
-0.066223145
0.026794434
0.5057373
0.43914795
0.46502686
0.46429443
0.96087646
0.6696167
1.030426
0.72210693
0.75772095
0.6461487
0.7521057
0.6468811
0.7568054
0.8053589
0.78237915
0.676239
0.9090576
0.8170471
0.920105
0.69277954
1.2840576
1.002594
1.1173401
0.6575928
1.5428772
1.432312
1.9952698
1.7347717
2.055603
2.117859
2.5499573
2.4086304
2.1288147
2.2809143
2.5684814
2.7982483
2.6073608
2.5250244
2.7989807
2.7191772
-1.6898193
-1.6455994
-1.6888123
-1.5789185
-1.636322
-1.6124268
-1.6712646
-1.5965576
-1.659729
-1.6895752
-1.6898193
-1.6882935
-1.6900635
-1.6895752
-1.6898193
-1.6902161
-1.6900635
-1.6895752
-1.6898193
-1.6902161
-1.6900635
-1.6895752
-1.6898193
-1.6873169
-1.6607361
-1.6895752
-1.5256653
-0.7722473
-0.776947
-1.023468
-0.43093872
-0.12875366
-0.17144775
0.16885376
0.12271118
0.18765259
0.25234985
1.3592834
0.63153076
0.58807373
0.3998413
1.5819092
0.7028198
0.74819946
0.49554443
1.3153076
0.7379761
0.6769104
0.60787964
0.99798584
0.7398987
0.71984863
0.7953186
1.2557983
0.79455566
0.79901123
0.7630615
1.3641968
0.8727112
0.9611206
0.7455139
1.3856812
0.9987488
1.1378784
0.7738342
1.609314
1.5074463
1.8839417
1.7767944
2.1766968
2.0631409
2.46109
2.441803
2.7011414
2.5816956
2.9230042
2.8158875
-1.3223267
-1.3079529
-1.4998474
-1.5591736
-1.2686157
-1.6614685
-1.6043091
-1.6734314
-1.1172485
-1.6496887
-1.6297302
-1.675354
-1.6895752
-1.6898193
-1.6902161
-1.6900635
-1.6895752
-1.6898193
-1.6902161
-1.6900635
-1.6895752
-1.6898193
-1.6902161
-1.6900635
-1.6895752
-1.6898193
-1.6902161
-1.6900635
-1.6895752
-1.6888123
-1.6863708
-1.502533
-1.6895752
-1.3909607
-1.2605896
-0.44198608
-1.3008728
-0.58529663
-0.2479248
0.17227173
-0.023529053
0.12857056
0.24624634
0.5716858
1.4882202
0.92837524
0.7140198
0.60687256
1.5438843
0.9460144
0.8233948
0.62734985
1.7675171
0.9185791
0.89367676
0.6214905
1.8094788
0.91082764
1.2023315
0.9574585
1.6933289
1.0855713
1.1446533
1.2005615
1.6346436
1.3200073
1.2911682
1.247467
1.8368225
1.5407104
1.569458
1.176178
2.009735
1.8141785
1.7579956
1.637146
2.2352905
2.308258
2.232605
2.3998413
2.4579163
2.690094
2.615387
2.8255615
-0.01083374
-0.6331177
-1.0379333
-1.3551025
0.26455688
-1.0003357
-1.1922302
-1.5435486
-1.6846313
-1.5969543
-1.3543396
-1.6900635
-1.6680908
-1.6292114
-1.6736755
-1.6900635
-1.6495361
-1.6878052
-1.6902161
-1.6900635
-1.6885681
-1.6898193
-1.6902161
-1.6900635
-1.6895752
-1.6898193
-1.6902161
-1.6294861
-1.6895752
-1.5472412
-1.2019958
-0.55722046
-1.1572876
-0.72494507
-0.36801147
0.15472412
-0.35455322
0.21255493
0.36541748
0.6664429
0.78897095
0.9762573
0.8869324
0.81781006
1.6658936
1.0240479
1.0889893
0.863678
1.8592834
1.1979065
1.0040894
0.9262085
1.6981506
1.2350159
1.3155518
1.2680054
1.8280334
1.29953
1.507019
1.605896
1.8710022
1.7223206
1.9337463
1.8295288
1.9706116
2.0689697
2.0763245
2.042389
2.0408936
2.2262573
2.2833557
2.347107
2.2694702
2.339508
2.297058
2.5394897
2.6922607
2.7682495
2.5548706
2.9222717
-0.19534302
-0.4348755
-0.66293335
-0.9927368
0.82022095
0.014343262
-0.62875366
-0.9732666
1.5574951
0.17837524
-0.6072998
-1.0396118
1.6405945
-0.06573486
-0.66485596
-1.0249939
0.7352295
-0.5452881
-1.4832153
-1.6792908
-0.23638916
-1.6673279
-1.6902161
-1.6900635
-1.6612244
-1.6898193
-1.6902161
-1.6900635
-1.6895752
-1.6898193
-1.6902161
-1.6900635
-1.6895752
-1.6898193
-1.6893005
-1.3374634
-1.3604431
-1.1087341
-0.40219116
0.026794434
0.17962646
0.15789795
0.36050415
0.6937866
1.1445007
0.80926514
0.8175659
0.8763733
1.3690491
0.9508667
1.1173401
0.98669434
1.4267273
1.1744995
1.0958557
1.0179749
1.5428772
1.4567261
1.2355042
1.1557007
1.4676819
1.4547119
1.4064026
1.395874
1.5516663
1.689148
1.7511597
1.7670288
2.0262756
1.9225464
2.0596924
2.0697327
1.9315796
1.9820557
2.1730347
2.035553
2.1121826
2.137329
2.3399963
2.1127014
2.4042053
2.3824768
2.710144
2.6010132
0.102508545
-0.17706299
-0.36410522
-0.72421265
0.9735718
-0.05886841
-1.1101379
-1.2310791
-1.6895752
-1.6898193
-1.6902161
-1.6900635
-1.6895752
-1.6898193
-1.6902161
-1.6900635
-1.6895752
-1.6898193
-1.6902161
-1.589447
-1.6817017
-1.2044067
-0.54870605
-0.25543213
0.5673218
0.17062378
0.61639404
0.5375061
1.4276428
0.82492065
0.9562073
0.89785767
1.6210327
0.9137573
0.93078613
0.9066467
1.4784546
1.151001
1.0206299
0.9408264
1.5536804
1.3561096
1.1856995
1.2914124
1.7371826
1.3346252
1.4660034
1.7699585
1.5643616
1.3024597
1.7355347
1.9135437
1.7713623
1.6422424
1.967926
2.0130615
1.8953857
1.9313354
2.201355
2.042389
1.9335022
2.079773
2.311676
2.146881
2.486267
2.3522034
2.631012
2.2631226
-1.6895752
-1.6898193
-1.6902161
-1.6900635
-1.6895752
-1.6898193
-1.6902161
-1.6900635
-1.6895752
-1.6048279
-1.3338013
-0.6626892
-0.3164673
-0.1361084
0.42694092
0.41448975
1.6581421
1.0504761
1.1485901
0.88031006
1.6385803
1.058258
1.256073
1.0306702
1.6004639
1.1618042
1.2657471
1.1898804
1.61026
1.1940613
1.4093323
1.473114
1.5693054
1.2272339
1.5509033
1.8128967
1.67276
1.4782104
1.7159729
1.69281
1.8104858
1.5748901
1.9454651
1.8959045
1.976471
1.7066956
2.0353088
2.075592
1.9696045
1.7965393
2.1056824
1.9925842
2.5624084
2.2555237
2.6886597
2.7728271
-0.19976807
-0.48275757
-0.7047119
-0.7000427
-0.737854
-0.9241638
-1.1763611
-1.039917
-1.5083923
-1.1644287
-1.2798462
-1.1805115
-1.6812134
-1.4671326
-1.3335571
-1.3230896
-1.5835876
-1.1448364
-1.3287048
-1.4050903
-1.3765564
-1.1555786
-1.1636353
-1.4783325
-1.6304626
-1.4319763
-1.1734619
-1.5007935
-1.6890564
-1.6829529
-1.2633057
-1.3778076
-1.6890564
-1.6721802
-1.198822
-1.0574341
-1.6734314
-1.6009216
-1.0757751
-0.8201294
-0.8658142
-0.85876465
-0.88046265
-0.73324585
-0.50839233
-0.80307007
-0.99468994
-0.8026123
-0.378479
-0.8128052
-0.94003296
-0.8621216
-0.33358765
-0.47592163
-0.75546265
-0.57992554
-0.020080566
-0.27960205
-0.3111267
-0.4071045
0.03942871
-0.22494507
-0.1519165
-0.3904724
0.84317017
0.6920166
0.6077881
0.4532776
1.2142334
1.4996643
1.1078491
0.8937378
0.07556152
-0.3381958
-0.7749939
-0.65805054
-0.34823608
-0.6428833
-1.1236267
-1.0203247
-1.0455017
-0.8694458
-1.2427368
-1.2000122
-1.612854
-1.1770935
-1.4927673
-1.3807068
-1.5357361
-1.1263123
-1.4116821
-1.3416138
-1.5474854
-1.1087341
-1.339447
-1.3425903
-1.6773376
-1.6058044
-1.2935486
-1.2810974
-1.6890564
-1.6888123
-1.4449158
-1.5320435
-1.6890564
-1.6897888
-1.4830017
-1.5007935
-1.6890564
-1.684906
-1.5591431
-0.9480896
-1.5435181
-0.93588257
-1.4351501
-0.38461304
-0.37069702
-0.7337036
-0.8404236
-0.93344116
-0.70858765
-0.72595215
-0.8687134
-1.0691833
-0.33261108
-0.46417236
-0.5894165
-0.6981201
-0.17440796
-0.03353882
-0.22323608
-0.5057068
0.22698975
0.15881348
-0.09918213
-0.13656616
0.79730225
1.111023
0.7454834
0.5050354
1.1654663
1.3971558
1.1166077
0.9327698
0.124420166
-0.23175049
-0.57577515
-0.5828247
-0.118774414
-0.5569763
-0.8824158
-0.8182373
-0.64315796
-0.9554138
-1.3404236
-1.3621826
-1.5406189
-1.4251404
-1.6880798
-1.6883545
-1.6812134
-1.5872192
-1.6343689
-1.587738
-1.6294861
-1.3460388
-1.2447205
-1.2185974
-1.6842041
-1.6224365
-1.3258057
-1.2918396
-1.6890564
-1.6888123
-1.3091736
-1.1951294
-1.6890564
-1.6878052
-1.2798462
-1.1561279
-1.659729
-1.5569763
-1.3911743
-1.2068787
-0.72421265
-0.59310913
-0.69784546
-0.44610596
-0.68026733
-0.75131226
-1.0045166
-0.6336365
-0.8062134
-0.52178955
-0.6968689
-0.9890747
0.09515381
0.19403076
-0.27011108
-0.5916748
0.27383423
0.28189087
-0.093322754
-0.32211304
0.054138184
-0.031555176
0.15563965
-0.055480957
0.47106934
0.5787964
0.87054443
0.6876831
0.5580139
0.7008667
1.0551147
1.1300659
-0.12362671
-0.3782959
-0.7876892
-0.891449
-0.27886963
-0.6878357
-0.94104004
-1.0095825
-1.2124939
-1.3577576
-1.4566345
-1.469574
-1.6890564
-1.6897888
-1.6900635
-1.6902466
-1.6646118
-1.6350708
-1.6431274
-1.5985107
-1.3824158
-1.3772888
-1.261322
-1.2996216
-1.3530884
-1.3118896
-1.3199158
-1.2371216
-1.4751587
-1.551117
-1.3687744
-1.1414185
-1.6802368
-1.6751709
-0.91467285
-1.1707458
-1.4390564
-0.87927246
-0.5621338
-1.1776123
-0.34921265
-0.8929138
-0.8110962
-0.91973877
-0.52890015
-0.74057007
-0.7163696
-0.88656616
-0.4517212
-0.5423584
-0.4703064
-0.6902771
0.14590454
0.0435791
-0.300354
-0.47836304
0.5892639
0.30047607
-0.0113220215
-0.31723022
0.9456787
0.924469
0.67523193
0.14761353
1.5413818
1.6617432
1.4955139
1.1495667
1.2249756
1.5943909
1.3675537
0.9815979
-0.5064392
-0.68981934
-1.0455017
-1.1443787
-0.68414307
-0.8685303
-1.2007446
-1.4480591
-0.94003296
-1.1340942
-1.4067993
-1.4080505
-1.6724548
-1.6731873
-1.683197
-1.6805115
-1.6890564
-1.6897888
-1.6900635
-1.6902466
-1.6099548
-1.4788513
-1.6422119
-1.673645
-0.6890259
-0.75717163
-1.0191345
-1.173645
-1.1607361
-0.90075684
-1.0914001
-1.274231
-1.36969
-1.1174927
-0.98202515
-1.1170349
-1.4966431
-1.2444458
-0.6050415
-0.8446045
-1.5972595
-0.93878174
-0.39996338
-1.008667
-0.870697
-1.004242
-0.71932983
-0.91882324
-0.6392517
-0.70932007
-0.9136658
-1.1238708
-0.43417358
-0.1722107
-0.57089233
-0.9295654
-0.16366577
0.02508545
-0.35308838
-0.5545349
0.27087402
0.2526245
-0.0054626465
-0.05355835
0.9349365
1.0230713
0.863678
0.90737915
1.2924194
1.6461487
1.3129272
1.288269
1.6742249
1.8004456
1.2200928
1.0655823
-1.6634216
-1.644104
-1.4000244
-1.6292114
-1.6236267
-1.477417
-1.6246033
-1.6419373
-1.6704712
-1.6638794
-1.6871033
-1.6878052
-1.6900635
-1.68927
-1.6890564
-1.6897888
-1.6900635
-1.6902466
-1.6890564
-1.6897888
-1.6900635
-1.6902466
-1.6773376
-1.653656
-1.667572
-1.6785889
-1.0972595
-0.7991638
-1.1558533
-1.3533325
-0.9439392
-0.5813904
-0.88830566
-1.1190186
-1.447876
-0.9612732
-0.7114868
-0.9969177
-1.5201111
-1.0022583
-0.39022827
-0.7928467
-1.6051025
-0.9973755
-0.17242432
-0.73913574
-1.4273071
-0.26794434
-0.38336182
-0.8983154
-0.300354
-0.67022705
-0.8345642
-1.0046997
-0.49957275
-0.56378174
-0.7730713
-1.2967224
-0.34432983
-0.06286621
-0.3560791
-0.9656677
0.0140686035
0.3512268
0.16351318
-0.3416443
0.44766235
0.5963135
0.3031006
-0.06530762
1.0101624
1.152008
0.8421936
0.50601196
1.449646
1.5289917
1.4974976
1.2501526
-1.6890564
-1.6897888
-1.6900635
-1.6902466
-1.5640259
-1.5130005
-1.5240173
-1.743988
-1.1519775
-1.2571716
-1.2427368
-1.5350037
-1.6890564
-1.6888123
-1.6548462
-1.6258545
-1.6890564
-1.6897888
-1.6900635
-1.6902466
-1.6890564
-1.6897888
-1.6900635
-1.6902466
-1.6890564
-1.6897888
-1.6900635
-1.6902466
-1.6842041
-1.6399536
-1.6744385
-1.6776123
-1.5064087
-1.2620544
-1.4497986
-1.4002075
-1.1431274
-0.8128052
-1.1978455
-1.1336365
-0.9859314
-0.71710205
-0.84332275
-0.85336304
-1.0552673
-0.5345154
-0.43319702
-0.71954346
-0.6910095
-0.7005615
-0.30523682
-0.704895
-0.1295166
-0.51400757
-0.60702515
-0.54571533
-0.0982666
-0.6829529
-0.37261963
-0.45785522
-0.34921265
-0.64974976
-0.36386108
-0.64538574
-0.44104004
-0.3128357
0.117614746
-0.22543335
0.17425537
0.471344
0.54141235
-0.15020752
0.27575684
0.5621643
0.39105225
0.072387695
0.32070923
0.82873535
0.5765381
0.8673706
1.24646
1.1968994
1.1829834
1.5128479
-1.6568298
-1.6702881
-1.6568298
-1.6805115
-0.7672119
-0.86654663
-1.1578369
-1.3875732
-0.89508057
-1.154602
-1.1812439
-1.4627075
-1.6588135
-1.6810303
-1.6694946
-1.6707458
-1.6890564
-1.6897888
-1.6900635
-1.6902466
-1.6890564
-1.6897888
-1.6900635
-1.6902466
-1.6890564
-1.6644287
-1.6860962
-1.6883545
-1.6665955
-1.4622498
-1.6451111
-1.6638794
-1.4195251
-1.1555786
-1.3120728
-1.274231
-0.77108765
-0.98373413
-0.9487915
-0.8016052
-0.56503296
-0.84991455
-0.49468994
-0.6072693
-0.6206665
-0.71517944
-0.4751892
-0.4529724
-0.29745483
-0.4046631
-0.4751892
-0.3758545
-0.032806396
-0.356781
-0.42929077
-0.4637146
0.34509277
0.0074768066
-0.009338379
-0.2059021
0.53652954
0.16079712
0.3109436
0.07147217
0.63323975
0.6305237
0.5805054
0.16522217
0.7484436
1.06604
0.9036865
0.38201904
1.0023804
1.3639221
1.0863647
0.63586426
1.426178
1.4127808
1.278717
1.1456909
-1.6890564
-1.6897888
-1.6900635
-1.6902466
-1.6890564
-1.6897888
-1.6900635
-1.6902466
-1.6060791
-1.6439209
-1.5728455
-1.6238708
-0.4283142
-0.6878357
-0.96151733
-1.1863708
-1.2290955
-1.4046326
-1.3560486
-1.461792
-1.5826111
-1.6888123
-1.6460876
-1.4676514
-1.6890564
-1.6897888
-1.6900635
-1.6902466
-1.6890564
-1.6897888
-1.6900635
-1.6902466
-1.6890564
-1.6897888
-1.6900635
-1.6902466
-1.6871033
-1.4095154
-1.3110962
-1.5535278
-1.2574463
-0.9554138
-1.1070251
-1.1023865
-0.47128296
-1.0383911
-0.7642212
-0.92071533
-0.29647827
-0.66244507
-0.5562744
-0.67562866
-0.21151733
-0.0960083
-0.394104
-0.5653076
-0.0015563965
0.026062012
-0.30722046
-0.31915283
0.4935608
0.31900024
0.21524048
0.1281128
0.7543335
0.6822815
0.56192017
0.47088623
0.86657715
0.58169556
0.7445679
0.6720581
0.7513733
0.56018066
0.69085693
0.31069946
1.0912476
0.82196045
0.996521
0.68081665
1.5179749
1.4820557
1.3060608
0.9483948
-1.6890564
-1.6897888
-1.6900635
-1.6902466
-1.5933533
-1.6204529
-1.3258057
-1.461792
-1.6890564
-1.6897888
-1.6900635
-1.6902466
-1.6890564
-1.6897888
-1.6900635
-1.6902466
-1.6890564
-1.6897888
-1.6900635
-1.6902466
-1.6890564
-1.6888123
-1.424408
-1.665863
-1.5426025
-0.93688965
-1.1538696
-1.2391052
-0.19787598
-1.0931091
-1.0943604
-0.8397217
-0.2593689
-0.66244507
-0.62753296
-0.64730835
-0.0953064
-0.13900757
-0.36871338
-0.45394897
0.05316162
-0.04815674
-0.14605713
-0.07507324
0.504303
0.41082764
0.1625061
0.2003479
0.801178
0.393219
0.41445923
0.119262695
0.88027954
0.6559143
0.6341553
0.16223145
1.0238647
0.6617737
0.9671631
0.6222229
1.2074585
0.776001
0.98965454
0.7091675
1.6781006
1.3102112
1.2582092
0.9171448
-1.6890564
-1.6897888
-1.6900635
-1.6902466
-1.6890564
-1.6897888
-1.6900635
-1.6902466
-1.6890564
-1.6897888
-1.4156494
-1.6863708
-1.1207275
-1.239563
-0.9732666
-1.0711365
-0.16851807
-0.7904053
-0.78671265
-0.88946533
-0.13043213
-0.3430786
-0.5279236
-0.6805115
0.076538086
0.08465576
-0.08355713
-0.15219116
0.4232788
0.44595337
0.20739746
0.09875488
0.65960693
0.5524292
0.26013184
0.22183228
0.7230835
0.37957764
0.30508423
0.2814331
0.6918335
0.44885254
0.48965454
0.87316895
1.2249756
0.8805542
1.0863647
1.310669
1.4251709
1.079773
1.3675537
1.1613159
1.6283264
1.2907104
1.2962952
1.2199097
