-1.6902771
-1.690033
-1.6897888
-1.690033
-1.6902771
-1.690033
-1.6897888
-1.690033
-1.6902771
-1.690033
-1.6897888
-1.690033
-1.6902771
-1.690033
-1.6897888
-1.690033
-1.6902771
-1.690033
-1.6897888
-1.690033
-1.6902771
-1.690033
-1.6897888
-1.690033
-1.6902771
-1.690033
-1.6897888
-1.690033
-1.6902771
-1.690033
-1.6897888
-1.690033
-1.6902771
-1.690033
-1.6897888
-1.690033
-1.6902771
-1.690033
-1.6897888
-1.690033
-1.6902771
-1.690033
-1.6897888
-1.690033
-1.6902771
-1.690033
-1.6897888
-1.690033
-1.6902771
-1.690033
-1.6897888
-1.690033
-1.6902771
-1.690033
-1.6897888
-1.690033
-1.6902771
-1.690033
-1.6897888
-1.690033
-1.6902771
-1.690033
-1.6897888
-1.690033
-1.6013794
-1.6861267
-1.6868591
-1.690033
-0.62384033
-1.1812439
-1.301117
-1.5327759
-1.6902771
-1.690033
-1.6897888
-1.690033
-1.6902771
-1.690033
-1.6897888
-1.690033
-1.6902771
-1.690033
-1.6897888
-1.690033
-1.6902771
-1.690033
-1.6897888
-1.690033
-1.6902771
-1.690033
-1.6897888
-1.690033
-1.6902771
-1.690033
-1.6897888
-1.690033
-1.6902771
-1.690033
-1.6897888
-1.690033
-1.6902771
-1.690033
-1.6897888
-1.690033
-1.6902771
-1.690033
-1.6897888
-1.690033
-1.6902771
-1.690033
-1.6897888
-1.690033
-1.6902771
-1.690033
-1.6897888
-1.690033
-1.6902771
-1.690033
-1.6897888
-1.690033
-1.6902771
-1.690033
-1.6897888
-1.690033
-1.6902771
-1.690033
-1.6897888
-1.690033
-1.6902771
-1.690033
-1.6897888
-1.690033
-1.688324
-1.690033
-1.6897888
-1.690033
-1.2244263
-1.3462524
-1.6497498
-1.6782837
-0.059387207
-0.39804077
-0.763031
-0.98394775
-1.6902771
-1.690033
-1.6897888
-1.690033
-1.6902771
-1.690033
-1.6897888
-1.690033
-1.6902771
-1.690033
-1.6897888
-1.690033
-1.6902771
-1.690033
-1.6897888
-1.690033
-1.6902771
-1.690033
-1.6897888
-1.690033
-1.6902771
-1.690033
-1.6897888
-1.690033
-1.6902771
-1.690033
-1.6897888
-1.690033
-1.6902771
-1.690033
-1.6897888
-1.690033
-1.6902771
-1.690033
-1.6897888
-1.690033
-1.6902771
-1.690033
-1.6897888
-1.690033
-1.6902771
-1.690033
-1.6897888
-1.690033
-1.6902771
-1.690033
-1.6897888
-1.690033
-1.6902771
-1.690033
-1.6897888
-1.690033
-1.6902771
-1.690033
-1.6897888
-1.690033
-1.6902771
-1.690033
-1.6897888
-1.690033
-1.6893005
-1.690033
-1.6897888
-1.6890564
-1.1131287
-1.3980103
-1.6321716
-1.4126587
-0.31134033
-0.6294861
-1.0247192
-1.0679626
-1.6902771
-1.690033
-1.6897888
-1.690033
-1.6902771
-1.690033
-1.6897888
-1.690033
-1.6902771
-1.690033
-1.6897888
-1.690033
-1.6902771
-1.690033
-1.6897888
-1.690033
-1.6902771
-1.690033
-1.6897888
-1.690033
-1.6902771
-1.690033
-1.6897888
-1.690033
-1.6902771
-1.690033
-1.6897888
-1.690033
-1.6902771
-1.690033
-1.6897888
-1.690033
-1.6902771
-1.690033
-1.6897888
-1.690033
-1.6902771
-1.690033
-1.6897888
-1.690033
-1.6902771
-1.690033
-1.6897888
-1.690033
-1.6902771
-1.690033
-1.6897888
-1.690033
-1.6902771
-1.690033
-1.6897888
-1.690033
-1.6902771
-1.690033
-1.6897888
-1.690033
-1.6824341
-1.690033
-1.6897888
-1.690033
-1.3924255
-1.5620728
-1.684906
-1.6890564
-1.1111755
-0.97421265
-1.3616333
-0.9097595
-0.7478943
-0.93218994
-0.75131226
-0.14117432
-1.6902771
-1.690033
-1.6897888
-1.690033
-1.6902771
-1.690033
-1.6897888
-1.690033
-1.6902771
-1.690033
-1.6897888
-1.690033
-1.6902771
-1.690033
-1.6897888
-1.690033
-1.6902771
-1.690033
-1.6897888
-1.690033
-1.6902771
-1.690033
-1.6897888
-1.690033
-1.6902771
-1.690033
-1.6897888
-1.690033
-1.6902771
-1.690033
-1.6897888
-1.690033
-1.6902771
-1.690033
-1.6897888
-1.690033
-1.6902771
-1.690033
-1.6897888
-1.690033
-1.6902771
-1.690033
-1.6897888
-1.690033
-1.6902771
-1.690033
-1.6897888
-1.690033
-1.6902771
-1.690033
-1.6897888
-1.690033
-1.6902771
-1.690033
-1.6897888
-1.690033
-1.6902771
-1.690033
-1.6897888
-1.690033
-1.6092224
-1.690033
-1.6897888
-1.690033
-0.65805054
-0.8921509
-1.2825623
-1.4360962
-0.2468872
-0.44781494
-0.82354736
-0.8716736
0.10562134
0.21917725
-0.19171143
-0.8491821
-1.6902771
-1.690033
-1.6897888
-1.690033
-1.6902771
-1.690033
-1.6897888
-1.690033
-1.6902771
-1.690033
-1.6897888
-1.690033
-1.6902771
-1.690033
-1.6897888
-1.690033
-1.6902771
-1.690033
-1.6897888
-1.690033
-1.6902771
-1.690033
-1.6897888
-1.690033
-1.6902771
-1.690033
-1.6897888
-1.690033
-1.6902771
-1.690033
-1.6897888
-1.690033
-1.6902771
-1.690033
-1.6897888
-1.690033
-1.6902771
-1.690033
-1.6897888
-1.690033
-1.6902771
-1.690033
-1.6897888
-1.690033
-1.6902771
-1.690033
-1.6897888
-1.690033
-1.6902771
-1.690033
-1.6897888
-1.690033
-1.6902771
-1.690033
-1.6897888
-1.690033
-1.6902771
-1.690033
-1.6897888
-1.690033
-1.6902771
-1.690033
-1.6897888
-1.690033
-1.6902771
-1.6636353
-1.6897888
-1.690033
-1.6600037
-1.2847595
-1.6780396
-1.6578064
-1.1726685
-0.9956665
-1.1575317
-1.3794861
-0.2312622
-0.690979
-0.67123413
-0.9078064
-1.6902771
-1.690033
-1.6897888
-1.690033
-1.6902771
-1.690033
-1.6897888
-1.690033
-1.6902771
-1.690033
-1.6897888
-1.690033
-1.6902771
-1.690033
-1.6897888
-1.690033
-1.6902771
-1.690033
-1.6897888
-1.690033
-1.6902771
-1.690033
-1.6897888
-1.690033
-1.6902771
-1.690033
-1.6897888
-1.690033
-1.6902771
-1.690033
-1.6897888
-1.690033
-1.6902771
-1.690033
-1.6897888
-1.690033
-1.6902771
-1.690033
-1.6897888
-1.690033
-1.6902771
-1.690033
-1.6897888
-1.690033
-1.6902771
-1.690033
-1.6897888
-1.690033
-1.6902771
-1.690033
-1.6897888
-1.690033
-1.6902771
-1.690033
-1.6897888
-1.690033
-1.6902771
-1.690033
-1.6897888
-1.690033
-1.6902771
-1.690033
-1.6897888
-1.690033
-1.6902771
-1.690033
-1.6897888
-1.690033
-1.6902771
-1.690033
-1.6897888
-1.690033
-1.5701294
-1.4859314
-1.6897888
-1.5181274
-0.50668335
-0.73495483
-1.3108826
-1.1294556
-0.35333252
-0.5513611
-0.6302185
-0.8267517
-1.6902771
-1.690033
-1.6897888
-1.690033
-1.6902771
-1.690033
-1.6897888
-1.690033
-1.6902771
-1.690033
-1.6897888
-1.690033
-1.6902771
-1.690033
-1.6897888
-1.690033
-1.6902771
-1.690033
-1.6897888
-1.690033
-1.6902771
-1.690033
-1.6897888
-1.690033
-1.6902771
-1.690033
-1.6897888
-1.690033
-1.6902771
-1.690033
-1.6897888
-1.690033
-1.6902771
-1.690033
-1.6897888
-1.690033
-1.6902771
-1.690033
-1.6897888
-1.690033
-1.6902771
-1.690033
-1.6897888
-1.690033
-1.6902771
-1.690033
-1.6897888
-1.690033
-1.6902771
-1.690033
-1.6897888
-1.690033
-1.6902771
-1.690033
-1.6897888
-1.690033
-1.6902771
-1.690033
-1.6897888
-1.690033
-1.6902771
-1.690033
-1.6897888
-1.690033
-1.3171997
-1.6490173
-1.6897888
-1.690033
-1.1834106
-1.385315
-1.6809692
-1.5132751
-0.986145
-1.1392517
-1.497406
-1.2593689
-0.7996216
-0.9214783
-0.95928955
-1.0005493
-1.6902771
-1.690033
-1.6897888
-1.690033
-1.6902771
-1.690033
-1.6897888
-1.690033
-1.6902771
-1.690033
-1.6897888
-1.690033
-1.6902771
-1.690033
-1.6897888
-1.690033
-1.6902771
-1.690033
-1.6897888
-1.690033
-1.6902771
-1.690033
-1.6897888
-1.690033
-1.6902771
-1.690033
-1.6897888
-1.690033
-1.6902771
-1.690033
-1.6897888
-1.690033
-1.6902771
-1.690033
-1.6897888
-1.690033
-1.6902771
-1.690033
-1.6897888
-1.690033
-1.6902771
-1.690033
-1.6897888
-1.690033
-1.6902771
-1.690033
-1.6897888
-1.690033
-1.6902771
-1.690033
-1.6897888
-1.690033
-1.6902771
-1.690033
-1.6897888
-1.690033
-1.6902771
-1.690033
-1.6897888
-1.690033
-1.6902771
-1.690033
-1.6897888
-1.690033
-1.6902771
-1.690033
-1.6897888
-1.690033
-1.672699
-1.6548462
-1.6897888
-1.6490173
-1.5076294
-1.3677673
-1.6868591
-1.3599243
-1.4373169
-1.3833618
-1.3782654
-1.1069946
-1.1170044
-1.0640259
-0.97198486
-0.86972046
-1.6902771
-1.690033
-1.6897888
-1.690033
-1.6902771
-1.690033
-1.6897888
-1.690033
-1.6902771
-1.690033
-1.6897888
-1.690033
-1.6902771
-1.690033
-1.6897888
-1.690033
-1.6902771
-1.690033
-1.6897888
-1.690033
-1.6902771
-1.690033
-1.6897888
-1.690033
-1.6902771
-1.690033
-1.6897888
-1.690033
-1.6902771
-1.690033
-1.6897888
-1.690033
-1.6902771
-1.690033
-1.6897888
-1.690033
-1.6902771
-1.690033
-1.6897888
-1.690033
-1.6902771
-1.690033
-1.6897888
-1.690033
-1.6902771
-1.690033
-1.6897888
-1.690033
-1.6902771
-1.6841736
-1.6897888
-1.690033
-1.6766052
-1.393158
-1.6897888
-1.605072
-1.34552
-1.3589478
-1.6477966
-1.3287048
-1.3855591
-1.245697
-1.1555786
-0.9917908
-1.173645
-1.0357056
-1.0256958
-0.84628296
-1.6902771
-1.690033
-1.6897888
-1.690033
-1.6902771
-1.690033
-1.6897888
-1.690033
-1.6902771
-1.690033
-1.6897888
-1.690033
-1.6902771
-1.690033
-1.6897888
-1.690033
-1.6902771
-1.690033
-1.6897888
-1.690033
-1.6902771
-1.690033
-1.6897888
-1.690033
-1.6902771
-1.690033
-1.6897888
-1.690033
-1.6902771
-1.690033
-1.6897888
-1.690033
-1.6902771
-1.690033
-1.6897888
-1.690033
-1.6902771
-1.690033
-1.6897888
-1.690033
-1.6902771
-1.6802368
-1.6897888
-1.4732361
-1.1697388
-1.1743774
-1.2561951
-0.9234314
-1.1746216
-0.9205017
-0.63897705
-0.34429932
-0.57110596
-0.222229
-0.47491455
-0.3345642
-1.6898193
-1.6902771
-1.690033
-1.6895752
-1.6898193
-1.6902771
-1.690033
-1.6895752
-1.6898193
-1.6902771
-1.690033
-1.6895752
-1.6898193
-1.6902771
-1.690033
-1.6895752
-1.6898193
-1.6902771
-1.690033
-1.6895752
-1.6898193
-1.6902771
-1.690033
-1.6895752
-1.6898193
-1.6902771
-1.690033
-1.6895752
-1.6898193
-1.6902771
-1.690033
-1.6895752
-1.6898193
-1.6902771
-1.690033
-1.6895752
-1.6898193
-1.6902771
-1.690033
-1.6895752
-1.6898193
-1.6902771
-1.690033
-1.6895752
-1.6898193
-1.6902771
-1.690033
-1.6895752
-1.6898193
-1.6902771
-1.690033
-1.6895752
-1.6898193
-1.6727295
-1.690033
-1.6895752
-1.5960388
-1.3709412
-1.6607666
-1.5460205
-0.9486084
-0.83480835
-0.72909546
-0.7598572
-0.8177185
-0.68344116
-0.57873535
-0.19345093
-0.46224976
-0.33288574
-0.5406494
-0.09777832
-1.6898193
-1.6902771
-1.690033
-1.6895752
-1.6898193
-1.6902771
-1.690033
-1.6895752
-1.6898193
-1.6902771
-1.690033
-1.6895752
-1.6898193
-1.6902771
-1.690033
-1.6895752
-1.6898193
-1.6902771
-1.690033
-1.6895752
-1.6898193
-1.6902771
-1.690033
-1.6895752
-1.6898193
-1.6902771
-1.690033
-1.6895752
-1.6898193
-1.6902771
-1.690033
-1.6895752
-1.6898193
-1.6902771
-1.690033
-1.6895752
-1.6898193
-1.6902771
-1.690033
-1.6895752
-1.6898193
-1.6902771
-1.690033
-1.6895752
-1.6898193
-1.6902771
-1.690033
-1.6895752
-1.6898193
-1.6902771
-1.690033
-1.6895752
-1.6888123
-1.5437927
-1.690033
-1.679779
-1.6224365
-1.172699
-1.6890564
-1.3663025
-1.2239685
-0.8182068
-0.8248291
-0.49035645
-0.700531
-0.4901123
-0.26428223
0.08581543
-0.2532959
-0.038909912
-0.2076416
0.11608887
-1.6898193
-1.6902771
-1.690033
-1.6895752
-1.6898193
-1.6902771
-1.690033
-1.6895752
-1.6898193
-1.6902771
-1.690033
-1.6895752
-1.6898193
-1.6902771
-1.690033
-1.6895752
-1.6898193
-1.6902771
-1.690033
-1.6895752
-1.6898193
-1.6902771
-1.690033
-1.6895752
-1.6898193
-1.6902771
-1.690033
-1.6895752
-1.6898193
-1.6902771
-1.690033
-1.6895752
-1.6898193
-1.6902771
-1.690033
-1.6895752
-1.6898193
-1.6902771
-1.690033
-1.6895752
-1.6898193
-1.6902771
-1.690033
-1.6895752
-1.6898193
-1.6902771
-1.690033
-1.6895752
-1.6898193
-1.6902771
-1.690033
-1.6895752
-1.6898193
-1.680542
-1.690033
-1.6895752
-1.3948975
-1.3768005
-1.690033
-1.591919
-0.7522888
-1.0887146
-1.0865173
-1.0645752
-0.44763184
-0.625824
-0.7359619
-0.5166931
-0.18881226
-0.2791748
-0.43026733
-0.41711426
-1.6898193
-1.6902771
-1.690033
-1.6895752
-1.6898193
-1.6902771
-1.690033
-1.6895752
-1.6898193
-1.6902771
-1.690033
-1.6895752
-1.6898193
-1.6902771
-1.690033
-1.6895752
-1.6898193
-1.6902771
-1.690033
-1.6895752
-1.6898193
-1.6902771
-1.690033
-1.6895752
-1.6898193
-1.6902771
-1.690033
-1.6895752
-1.6898193
-1.6902771
-1.690033
-1.6895752
-1.6898193
-1.6902771
-1.690033
-1.6895752
-1.6898193
-1.6902771
-1.690033
-1.6895752
-1.6898193
-1.6902771
-1.690033
-1.6895752
-1.6898193
-1.6902771
-1.690033
-1.6895752
-1.6898193
-1.6902771
-1.690033
-1.6895752
-1.6898193
-1.6121521
-1.690033
-1.6875916
-1.692749
-1.2576599
-1.6695557
-1.5127869
-1.269867
-1.2557373
-0.97714233
-1.0069275
-0.85580444
-1.0271912
-0.66760254
-0.5147705
-0.30892944
-0.20394897
0.13418579
0.16104126
-1.6898193
-1.6902771
-1.690033
-1.6895752
-1.6898193
-1.6902771
-1.690033
-1.6895752
-1.6898193
-1.6902771
-1.690033
-1.6895752
-1.6898193
-1.6902771
-1.690033
-1.6895752
-1.6898193
-1.6902771
-1.690033
-1.6895752
-1.6898193
-1.6902771
-1.690033
-1.6895752
-1.6898193
-1.6902771
-1.690033
-1.6895752
-1.6898193
-1.6902771
-1.690033
-1.6895752
-1.6898193
-1.6902771
-1.690033
-1.6895752
-1.6898193
-1.6902771
-1.690033
-1.6895752
-1.6898193
-1.6902771
-1.690033
-1.6895752
-1.6898193
-1.6902771
-1.690033
-1.6895752
-1.6898193
-1.6902771
-1.690033
-1.6895752
-1.6898193
-1.6864014
-1.690033
-1.6895752
-1.6898193
-1.461792
-1.690033
-1.6856384
-1.5989685
-1.1287842
-1.690033
-1.414154
-0.66342163
-0.852417
-1.1402283
-0.8204346
-0.07357788
-0.19906616
0.06286621
0.18545532
0.30630493
0.4376526
0.77090454
0.90127563
-1.6898193
-1.6902771
-1.690033
-1.6895752
-1.6898193
-1.6902771
-1.690033
-1.6895752
-1.6898193
-1.6902771
-1.690033
-1.6895752
-1.6898193
-1.6902771
-1.690033
-1.6895752
-1.6898193
-1.6902771
-1.690033
-1.6895752
-1.6898193
-1.6902771
-1.690033
-1.6895752
-1.6898193
-1.6902771
-1.690033
-1.6895752
-1.6898193
-1.6902771
-1.690033
-1.6895752
-1.6898193
-1.6902771
-1.690033
-1.6895752
-1.6898193
-1.6902771
-1.690033
-1.6895752
-1.6898193
-1.6902771
-1.690033
-1.6895752
-1.6898193
-1.6902771
-1.690033
-1.6895752
-1.6898193
-1.6902771
-1.690033
-1.6895752
-1.6898193
-1.6902771
-1.690033
-1.6895752
-1.6898193
-1.6902771
-1.690033
-1.6895752
-1.6898193
-1.6834717
-1.690033
-1.6895752
-1.6898193
-1.3416443
-1.690033
-1.6289978
-1.5198975
-1.0096436
-1.6333923
-1.039154
-0.7376709
-0.21469116
0.05606079
0.17272949
-0.0579834
0.11047363
0.09020996
-0.067474365
-1.6898193
-1.6902771
-1.690033
-1.6895752
-1.6898193
-1.6902771
-1.690033
-1.6895752
-1.6898193
-1.6902771
-1.690033
-1.6895752
-1.6898193
-1.6902771
-1.690033
-1.6895752
-1.6898193
-1.6902771
-1.690033
-1.6895752
-1.6898193
-1.6902771
-1.690033
-1.6895752
-1.6898193
-1.6902771
-1.690033
-1.6895752
-1.6898193
-1.6902771
-1.690033
-1.6895752
-1.6898193
-1.6902771
-1.690033
-1.6895752
-1.6898193
-1.6902771
-1.690033
-1.6895752
-1.6898193
-1.6902771
-1.690033
-1.6895752
-1.6898193
-1.6902771
-1.690033
-1.6895752
-1.6898193
-1.6902771
-1.690033
-1.6895752
-1.6898193
-1.6902771
-1.690033
-1.6895752
-1.6898193
-1.6902771
-1.690033
-1.6895752
-1.6898193
-1.6902771
-1.690033
-1.6895752
-1.6898193
-1.680542
-1.690033
-1.6895752
-1.6898193
-1.4080505
-1.690033
-1.6895752
-1.5364685
-1.1365967
-1.5210876
-1.3624268
-0.8518982
-0.9920349
-0.66467285
-0.43078613
-0.5413513
-0.547699
-0.4156189
-0.2364502
-1.6898193
-1.6902771
-1.690033
-1.6895752
-1.6898193
-1.6902771
-1.690033
-1.6895752
-1.6898193
-1.6902771
-1.690033
-1.6895752
-1.6898193
-1.6902771
-1.690033
-1.6895752
-1.6898193
-1.6902771
-1.690033
-1.6895752
-1.6898193
-1.6902771
-1.690033
-1.6895752
-1.6898193
-1.6902771
-1.690033
-1.6895752
-1.6898193
-1.6902771
-1.690033
-1.6895752
-1.6898193
-1.6902771
-1.690033
-1.6895752
-1.6898193
-1.6902771
-1.690033
-1.6895752
-1.6898193
-1.6902771
-1.690033
-1.6895752
-1.6898193
-1.6902771
-1.690033
-1.6895752
-1.6898193
-1.6902771
-1.690033
-1.6895752
-1.6898193
-1.6902771
-1.690033
-1.6895752
-1.6898193
-1.6893005
-1.690033
-1.6895752
-1.6898193
-1.5184326
-1.690033
-1.6895752
-1.4241638
-1.1131287
-1.3189392
-1.3702393
-0.9085388
-0.9012451
-0.8980713
-1.0987244
-0.6536865
-0.5750427
-0.45666504
-0.6758728
-0.50619507
-0.446167
-0.022064209
0.07901001
-1.6898193
-1.6902771
-1.690033
-1.6895752
-1.6898193
-1.6902771
-1.690033
-1.6895752
-1.6898193
-1.6902771
-1.690033
-1.6895752
-1.6898193
-1.6902771
-1.690033
-1.6895752
-1.6898193
-1.6902771
-1.690033
-1.6895752
-1.6898193
-1.6902771
-1.690033
-1.6895752
-1.6898193
-1.6902771
-1.690033
-1.6895752
-1.6898193
-1.6902771
-1.690033
-1.6895752
-1.6898193
-1.6902771
-1.690033
-1.6895752
-1.6898193
-1.6902771
-1.690033
-1.6895752
-1.6898193
-1.6902771
-1.690033
-1.6895752
-1.6898193
-1.6902771
-1.690033
-1.6895752
-1.6898193
-1.6902771
-1.690033
-1.6895752
-1.6898193
-1.6902771
-1.690033
-1.6895752
-1.6898193
-1.6902771
-1.690033
-1.6895752
-1.6898193
-1.6902771
-1.690033
-1.6895752
-1.6898193
-1.6902771
-1.690033
-1.6407471
-1.6829529
-1.4812927
-1.605072
-1.3848572
-1.129242
-1.2528076
-1.4224854
-1.1749268
-0.77282715
-1.0359802
-0.9888611
-1.2305603
-0.39779663
-0.73812866
-0.5669861
-0.6641846
-1.6898193
-1.6902771
-1.690033
-1.6895752
-1.6898193
-1.6902771
-1.690033
-1.6895752
-1.6898193
-1.6902771
-1.690033
-1.6895752
-1.6898193
-1.6902771
-1.690033
-1.6895752
-1.6898193
-1.6902771
-1.690033
-1.6895752
-1.6898193
-1.6902771
-1.690033
-1.6895752
-1.6898193
-1.6902771
-1.690033
-1.6895752
-1.6898193
-1.6902771
-1.690033
-1.6895752
-1.6898193
-1.6902771
-1.690033
-1.6895752
-1.6898193
-1.6902771
-1.690033
-1.6895752
-1.6898193
-1.6902771
-1.690033
-1.6895752
-1.6898193
-1.6844177
-1.690033
-1.6895752
-1.6888123
-1.337738
-1.690033
-1.6759033
-1.4984131
-1.0418701
-1.683197
-1.3555603
-1.0686951
-0.97543335
-1.2896423
-1.0821228
-0.7669678
-1.1766052
-1.1236267
-1.0157471
-0.59017944
-0.81137085
-0.79159546
-0.7286377
-1.6898193
-1.6902771
-1.690033
-1.6895752
-1.6898193
-1.6902771
-1.690033
-1.6895752
-1.6898193
-1.6902771
-1.690033
-1.6895752
-1.6898193
-1.6902771
-1.690033
-1.6895752
-1.6898193
-1.6902771
-1.690033
-1.6895752
-1.6898193
-1.6902771
-1.690033
-1.6895752
-1.6898193
-1.6902771
-1.690033
-1.6895752
-1.6898193
-1.6902771
-1.690033
-1.6895752
-1.6898193
-1.6902771
-1.690033
-1.6895752
-1.6770935
-1.6687927
-1.690033
-1.6856384
-1.2561951
-1.3435974
-1.690033
-1.5401611
-0.9544678
-0.9275818
-1.346283
-1.07724
-0.763031
-0.57211304
-0.4732666
-0.5401306
-0.49938965
-0.3182068
-0.21932983
-0.34091187
