-1.1809692
-1.6558533
-1.6893005
-1.6902771
-1.4007263
-1.6880798
-1.6902771
-1.6893005
-1.6126709
-1.690033
-1.6902771
-1.6893005
-1.670227
-1.690033
-1.6902771
-1.6893005
-1.6897888
-1.690033
-1.6902771
-1.6893005
-1.6897888
-1.690033
-1.6902771
-1.6893005
-1.637085
-1.690033
-1.6902771
-1.6893005
-1.3655701
-1.6890564
-1.6902771
-1.6893005
-1.2327576
-1.6871338
-1.6902771
-1.6893005
-1.4436951
-1.6860962
-1.6883545
-1.6893005
-1.4524841
-1.5797119
-1.6746521
-1.6893005
-1.2142029
-1.1051025
-1.2312927
-1.3807373
-0.9456482
-0.9674072
-0.98913574
-1.1990967
-0.5335388
-0.59143066
-0.86312866
-0.89437866
-0.33724976
-0.5201111
-0.73031616
-0.62091064
-0.17025757
-0.46151733
-0.41589355
-0.21664429
0.18423462
0.54141235
0.24234009
0.25402832
0.78286743
1.0023499
0.8175659
0.41619873
-1.419281
-1.6871338
-1.6893005
-1.6893005
-1.5725708
-1.690033
-1.6902771
-1.6893005
-1.6487732
-1.690033
-1.6902771
-1.6893005
-1.6897888
-1.690033
-1.6902771
-1.6893005
-1.6859131
-1.690033
-1.6902771
-1.6893005
-1.6322021
-1.690033
-1.6902771
-1.6893005
-1.5364685
-1.690033
-1.6902771
-1.6893005
-1.6643982
-1.690033
-1.6902771
-1.6893005
-1.4983826
-1.6880798
-1.6902771
-1.6893005
-1.1185303
-1.6812134
-1.6863708
-1.6893005
-1.254242
-1.5816345
-1.6707458
-1.6902771
-1.1917725
-1.1588135
-1.5760498
-1.4812927
-1.0774841
-1.1460876
-1.0603943
-1.2273865
-0.54818726
-0.90097046
-1.0555115
-1.2244873
-0.42514038
-0.5308533
-0.39437866
-0.33874512
-0.14682007
0.22106934
0.4083557
0.41619873
0.6246643
0.7171936
0.6739502
0.5987854
0.95080566
1.1566467
0.7110901
0.59191895
-1.3069763
-1.6880798
-1.6902771
-1.6893005
-1.4524841
-1.690033
-1.6902771
-1.6893005
-1.6790466
-1.690033
-1.6902771
-1.6893005
-1.6897888
-1.690033
-1.6902771
-1.6893005
-1.6897888
-1.690033
-1.6902771
-1.6893005
-1.5892029
-1.690033
-1.6902771
-1.6893005
-1.5364685
-1.6890564
-1.6902771
-1.6893005
-1.5208435
-1.6871338
-1.6902771
-1.6893005
-1.4613037
-1.6860962
-1.6883545
-1.6893005
-1.3665466
-1.6812134
-1.6844177
-1.6893005
-0.75912476
-1.5914001
-1.6629028
-1.6893005
-1.091156
-1.2388611
-1.4519958
-1.5535583
-0.97787476
-0.9078064
-0.93933105
-1.1638794
-0.7669678
-0.7183838
-0.8435974
-0.97351074
-0.34310913
-0.26522827
-0.37582397
-0.8016052
-0.002319336
0.23083496
0.24136353
-0.32992554
0.4606018
0.5218811
0.31558228
0.4015503
1.0933838
1.0726318
0.4767151
0.5314026
-1.5491943
-1.6880798
-1.6902771
-1.6893005
-1.644867
-1.690033
-1.6902771
-1.6893005
-1.6878357
-1.690033
-1.6902771
-1.6893005
-1.6897888
-1.690033
-1.6902771
-1.6893005
-1.6897888
-1.690033
-1.6902771
-1.6893005
-1.6761475
-1.690033
-1.6902771
-1.6893005
-1.6302185
-1.6890564
-1.6902771
-1.6893005
-1.5765076
-1.6880798
-1.6902771
-1.6893005
-1.4613037
-1.682251
-1.6893005
-1.6893005
-1.5013123
-1.6646423
-1.6863708
-1.6893005
-1.4436951
-1.6001892
-1.6629028
-1.6893005
-0.8753357
-1.2281494
-1.3299255
-1.6444092
-0.669281
-0.7955017
-0.9696045
-1.1961365
-0.51498413
-0.3921814
-0.74594116
-0.8748474
-0.3597412
-0.32678223
-0.55255127
-0.6766052
-0.008178711
-0.078704834
-0.08770752
-0.13851929
0.9713135
0.8451233
1.1046143
0.65249634
0.7750244
1.3402405
0.8517456
0.7062073
-1.6351013
-1.6802673
-1.6883545
-1.6893005
-1.6839294
-1.690033
-1.6902771
-1.6893005
-1.6878357
-1.690033
-1.6902771
-1.6893005
-1.6897888
-1.690033
-1.6902771
-1.6893005
-1.6897888
-1.690033
-1.6902771
-1.6893005
-1.6897888
-1.690033
-1.6902771
-1.6893005
-1.6859131
-1.690033
-1.6902771
-1.6893005
-1.6409302
-1.690033
-1.6902771
-1.6893005
-1.5579224
-1.6880798
-1.6902771
-1.6893005
-1.5276794
-1.6851501
-1.6902771
-1.6893005
-1.4553833
-1.6509705
-1.6873169
-1.6893005
-1.2015381
-1.5572205
-1.6746521
-1.6893005
-1.153656
-1.5122986
-1.6473083
-1.6873169
-0.87927246
-1.0689392
-1.2615662
-1.4373474
-0.5032654
-0.33654785
-0.860199
-1.0320435
-0.22494507
-0.070892334
-0.17663574
-0.7196045
0.9293518
0.84902954
0.8175659
0.53723145
1.2935791
1.1468811
0.91812134
0.7188721
1.1481018
1.1595459
0.99038696
0.70526123
-1.6888123
-1.690033
-1.6902771
-1.6893005
-1.6868591
-1.6890564
-1.6893005
-1.6893005
-1.6897888
-1.690033
-1.6902771
-1.6893005
-1.6897888
-1.690033
-1.6902771
-1.6893005
-1.6897888
-1.690033
-1.6902771
-1.6893005
-1.6897888
-1.690033
-1.6902771
-1.6893005
-1.6897888
-1.690033
-1.6902771
-1.6893005
-1.6897888
-1.690033
-1.6902771
-1.6893005
-1.6770935
-1.690033
-1.6902771
-1.6893005
-1.6341248
-1.690033
-1.6902771
-1.6893005
-1.2015381
-1.6841736
-1.6893005
-1.6893005
-0.6868286
-1.6246033
-1.6834717
-1.6893005
-1.24646
-1.5513611
-1.6463318
-1.6893005
-1.1565552
-1.3677673
-1.5965271
-1.6893005
-1.1390076
-1.1968384
-1.4842224
-1.547699
-0.9632263
-0.8795166
-1.0975037
-1.3094177
-0.44763184
-0.44396973
-0.8572998
-1.0603943
0.034820557
-0.19100952
-0.24691772
-0.46176147
0.5465393
0.70648193
0.46398926
0.22183228
1.3033447
1.1332092
0.8048401
0.6983948
-1.6897888
-1.690033
-1.6902771
-1.6893005
-1.6897888
-1.690033
-1.6902771
-1.6893005
-1.6897888
-1.690033
-1.6902771
-1.6893005
-1.6897888
-1.690033
-1.6902771
-1.6893005
-1.6897888
-1.690033
-1.6902771
-1.6893005
-1.6897888
-1.690033
-1.6902771
-1.6893005
-1.6897888
-1.690033
-1.6902771
-1.6893005
-1.6897888
-1.690033
-1.6902771
-1.6893005
-1.6897888
-1.690033
-1.6902771
-1.6893005
-1.6653442
-1.690033
-1.6902771
-1.6893005
-1.5198975
-1.690033
-1.6902771
-1.6893005
-1.333374
-1.683197
-1.6902771
-1.6893005
-1.3802185
-1.5318298
-1.6805115
-1.6893005
-0.58044434
-1.2867432
-1.4675903
-1.6648865
-0.73565674
-1.1577759
-1.337738
-1.5926208
-0.6819458
-0.9058533
-1.1942139
-1.1296997
-0.118499756
-0.33944702
-0.58480835
-0.45593262
-0.070617676
-0.19589233
-0.43640137
-0.3260193
0.2515869
0.19766235
-0.14733887
-0.38363647
1.0006104
1.1029358
0.78530884
0.2843628
1.3492737
1.2367249
1.302887
0.6925354
-1.6897888
-1.690033
-1.6902771
-1.6893005
-1.6878357
-1.690033
-1.6902771
-1.6893005
-1.6878357
-1.690033
-1.6902771
-1.6893005
-1.6897888
-1.690033
-1.6902771
-1.6893005
-1.6897888
-1.690033
-1.6902771
-1.6893005
-1.6897888
-1.690033
-1.6902771
-1.6893005
-1.6897888
-1.690033
-1.6902771
-1.6893005
-1.6897888
-1.690033
-1.6902771
-1.6893005
-1.6848755
-1.690033
-1.6902771
-1.6893005
-1.3597107
-1.690033
-1.6902771
-1.6893005
-1.3206482
-1.6109314
-1.6863708
-1.6893005
-1.1380615
-1.230072
-1.6482544
-1.6824341
-0.80892944
-0.839447
-1.2605896
-1.197113
-0.71517944
-0.9546814
-1.09552
-1.3162842
-0.43685913
-0.37561035
-0.49301147
-0.7840576
-0.35287476
-0.04940796
-0.10531616
-0.24203491
-0.106781006
0.08633423
-0.011566162
-0.10140991
0.09732056
0.021881104
-0.22930908
-0.3963623
0.32388306
0.22210693
-0.08578491
-0.4071045
0.9059143
0.5716858
0.8097229
0.46206665
-1.6897888
-1.690033
-1.6902771
-1.6893005
-1.6897888
-1.690033
-1.6902771
-1.6893005
-1.6897888
-1.690033
-1.6902771
-1.6893005
-1.6663818
-1.690033
-1.6902771
-1.6893005
-1.6810303
-1.690033
-1.6902771
-1.6893005
-1.6888123
-1.690033
-1.6902771
-1.6893005
-1.6897888
-1.690033
-1.6902771
-1.6893005
-1.6897888
-1.690033
-1.6902771
-1.6893005
-1.6897888
-1.690033
-1.6902771
-1.6893005
-1.6888123
-1.690033
-1.6902771
-1.6893005
-1.4231873
-1.6871338
-1.6902771
-1.6893005
-1.2190857
-1.2193298
-1.6346436
-1.6893005
-1.0881958
-1.2232666
-1.2693787
-1.6453552
-0.94467163
-0.89120483
-1.1277771
-1.086792
-0.67611694
-0.6842041
-0.8484802
-1.2235107
-0.26104736
-0.43319702
-0.65805054
-0.78796387
0.030883789
-0.15588379
-0.5213318
-0.6326599
0.31506348
0.23187256
-0.1560669
-0.22546387
0.013336182
0.1156311
0.13195801
-0.06137085
0.51135254
0.5121155
0.29019165
0.2657776
0.916626
0.8773804
0.82733154
0.42788696
-1.6897888
-1.690033
-1.6902771
-1.6893005
-1.6897888
-1.690033
-1.6902771
-1.6893005
-1.6897888
-1.690033
-1.6902771
-1.6893005
-1.6897888
-1.690033
-1.6902771
-1.6893005
-1.6897888
-1.690033
-1.6902771
-1.6893005
-1.6897888
-1.690033
-1.6902771
-1.6893005
-1.4095154
-1.6412048
-1.6795349
-1.6893005
-1.1643982
-1.4976501
-1.2977295
-1.625824
-0.94763184
-0.98495483
-1.164917
-1.1424255
-0.69467163
-0.6929321
-1.0564575
-1.1004028
-0.26794434
-0.41171265
-0.81137085
-0.99594116
-0.096069336
-0.27108765
-0.57406616
-0.88171387
-0.24255371
-0.28964233
-0.75180054
-0.8026123
-0.17803955
-0.22912598
-0.2401123
-0.44519043
0.3248291
0.28164673
0.017730713
0.05581665
0.3668518
0.3421936
0.20718384
0.2833252
0.72525024
0.6810303
0.6212158
0.5021057
-1.6897888
-1.690033
-1.6902771
-1.6893005
-1.6897888
-1.690033
-1.6902771
-1.6893005
-1.6897888
-1.690033
-1.6902771
-1.6893005
-1.4651489
-1.5484314
-1.5545349
-1.6893005
-1.107727
-1.0230408
-1.1405029
-1.4051514
-0.778656
-0.6812439
-1.1707458
-1.103363
-0.37338257
-0.46542358
-1.009613
-0.9578552
-0.027709961
-0.08358765
-0.6639099
-0.8748474
-0.052124023
-0.027893066
-0.49987793
-0.58776855
0.15200806
0.18103027
-0.47250366
-0.688324
0.98794556
0.7347412
0.16812134
-0.32699585
1.002594
0.8343811
0.48550415
0.19934082
0.79071045
0.644928
0.6144104
0.6300049
0.89907837
0.78356934
0.7472229
0.7130432
-1.5904541
-1.591919
-1.2683716
-1.6885376
-1.6851807
-1.6875916
-1.6873169
-1.6895447
-1.6812134
-1.6875916
-1.6902466
-1.6895447
-1.519104
-1.593811
-1.6883545
-1.6895447
-0.87942505
-0.9854126
-1.3269958
-1.6837158
-0.5152588
-0.6407471
-1.094574
-1.4063416
-0.3960266
-0.44735718
-0.81625366
-1.1495056
-0.13824463
-0.53915405
-0.6326599
-0.92388916
0.0921936
-0.39266968
-0.7293701
-0.8808899
0.12054443
-0.16809082
-0.68045044
-0.7666626
0.15957642
-0.10165405
-0.59750366
-0.6914673
0.23571777
-0.08703613
-0.33483887
-0.5606384
0.35977173
0.008728027
-0.120910645
-0.42199707
0.45062256
0.3182373
0.03527832
-0.0020141602
0.957489
0.7899475
0.3468628
0.3368225
1.5784912
1.4032288
0.70718384
0.98428345
2.0159912
1.8563843
1.2492065
1.7645874
2.1556702
1.852417
1.1144409
1.9511108
-1.2573853
-1.2081299
-1.4109802
-1.6895447
-1.6715088
-1.6348877
-1.6297302
-1.6895447
-1.6899719
-1.6895447
-1.6902466
-1.6895447
-1.6607666
-1.6748657
-1.6902466
-1.6895447
-1.2085571
-1.3252869
-1.6629028
-1.6895447
-0.44683838
-0.8145447
-1.2683716
-1.6593018
-0.06011963
-0.35650635
-0.8104248
-1.2540283
0.14297485
-0.21881104
-0.5730896
-0.819458
0.15664673
-0.21691895
-0.44418335
-0.6670532
0.45257568
-0.02255249
-0.35235596
-0.61331177
0.31292725
-0.098724365
-0.3133545
-0.5518799
0.36465454
-0.10946655
-0.26348877
-0.6407471
0.56484985
0.26846313
-0.043792725
-0.44735718
0.85684204
0.7411194
0.29022217
0.14935303
1.2327881
0.92858887
0.6202698
0.59957886
1.7172241
1.6141663
1.3370667
1.0761108
1.9408875
1.7684631
1.4679565
1.5311279
1.8842468
1.7850342
1.5548706
1.7762756
-0.8374939
-1.0225525
-1.3162537
-1.6895447
-1.378479
-1.3272705
-1.3914795
-1.6895447
-1.6899719
-1.6895447
-1.6883545
-1.6895447
-1.6899719
-1.6895447
-1.6902466
-1.6895447
-1.6079712
-1.6465759
-1.6893005
-1.6895447
-0.80526733
-1.1221619
-1.4725342
-1.6817322
-0.03768921
-0.655365
-0.76348877
-1.3555298
0.21914673
-0.19146729
-0.3123169
-0.7324524
0.22695923
-0.116241455
-0.2341919
-0.48446655
0.31292725
-0.06939697
-0.17272949
-0.42971802
0.5082092
-0.02935791
-0.19610596
-0.36724854
0.5863342
-0.045013428
-0.10336304
-0.45028687
0.7484436
0.18939209
0.11633301
-0.36138916
0.9369507
0.54971313
0.35272217
-0.19927979
1.1957397
0.96084595
0.79022217
0.3963623
1.4837646
1.4959717
1.4162292
1.2157593
1.926178
1.9432983
1.8605042
1.64151
2.0014038
2.0888062
2.4308167
2.0116272
-0.72024536
-1.2677002
-1.4255981
-1.6895447
-1.1636963
-1.3926697
-1.6042786
-1.6895447
-1.6861267
-1.6397095
-1.6902466
-1.6895447
-1.6899719
-1.6895447
-1.6902466
-1.6895447
-1.658783
-1.6562805
-1.6893005
-1.6895447
-0.917511
-1.1250916
-1.2713013
-1.6856079
-0.2857666
-0.68466187
-0.6434021
-1.2627869
-0.07180786
-0.33407593
-0.48516846
-0.8369751
0.45352173
0.022399902
-0.26055908
-0.5664673
0.36663818
-0.023498535
-0.11013794
-0.37506104
0.44476318
0.06829834
-0.09750366
-0.43856812
0.6225281
0.058502197
-0.13070679
-0.37609863
0.7406311
0.31341553
0.016815186
-0.35940552
1.2631226
0.6835327
0.24526978
-0.30966187
1.5170288
1.2606506
0.87805176
0.16299438
1.9945068
1.9667358
1.4836121
0.77337646
2.1752014
2.2782593
2.1486206
1.5057678
2.3598022
2.47937
2.5118713
1.8856812
-1.0621033
-1.3330994
-1.2820435
-1.6895447
-0.94973755
-1.311615
-1.5896912
-1.6895447
-1.2524719
-1.3839111
-1.6375427
-1.6895447
-1.6880798
-1.6729736
-1.6902466
-1.6895447
-1.6899719
-1.6895447
-1.6902466
-1.6895447
-1.658783
-1.6582642
-1.6609192
-1.6895447
-1.0728455
-1.1895752
-1.2175903
-1.6788025
-0.417511
-0.7491455
-0.90805054
-1.2793884
-0.05041504
-0.42782593
-0.70391846
-1.038208
0.34899902
0.00088500977
-0.43145752
-0.6748657
0.5785217
0.21673584
-0.004699707
-0.19833374
0.5950928
0.3163452
-0.06329346
-0.12802124
0.6156311
0.258667
-0.01449585
-0.20022583
0.68792725
0.4647827
0.2052002
0.025299072
0.7445679
0.70983887
0.475708
0.1776123
1.6429749
1.5263367
0.9425354
0.8846741
2.0365295
1.9950256
1.6641846
1.7303772
2.4437866
2.3836975
2.2462769
1.9696655
2.3695374
2.6161194
2.568512
2.2899475
-1.6899719
-1.6895447
-1.6880798
-1.6895447
-1.657074
-1.6895447
-1.6861267
-1.6806946
-1.6834412
-1.6895447
-1.6899719
-1.6895447
-1.6902466
-1.6895447
-1.6899719
-1.6895447
-1.6902466
-1.6895447
-1.6899719
-1.6895447
-1.6902466
-1.6895447
-1.6070251
-1.5957642
-1.65802
-1.6895447
-0.72421265
-0.87506104
-0.99591064
-1.6543884
-0.1890564
-0.3223877
-0.5701904
-1.1514893
0.19473267
-0.07922363
-0.3514099
-0.86138916
0.5228882
0.18835449
-0.13165283
-0.39071655
0.59906006
0.33389282
0.1270752
-0.12802124
0.64694214
0.35150146
0.1906128
-0.09286499
0.61468506
0.4267273
0.3428955
-0.025482178
0.75427246
0.53604126
0.3732605
0.00088500977
1.153717
0.8895874
0.8136902
0.13171387
1.2503967
1.1347046
0.99624634
0.4628296
1.6556702
1.3114319
1.3907776
1.0507507
2.170288
2.1229248
2.0411987
1.86026
2.5844116
2.6307373
2.5343018
2.400299
-1.6256104
-1.7686462
-1.7791138
-1.6895447
-1.6899719
-1.6895447
-1.6902466
-1.6895447
-1.6899719
-1.6895447
-1.6902466
-1.6895447
-1.6899719
-1.6895447
-1.6902466
-1.6895447
-1.6899719
-1.6895447
-1.6902466
-1.6895447
-1.6899719
-1.6895447
-1.6902466
-1.6895447
-1.6899719
-1.6895447
-1.6902466
-1.6895447
-1.5063782
-1.6280212
-1.650177
-1.6895447
-0.8032837
-0.9122009
-0.94125366
-1.6036072
-0.2154541
-0.26864624
-0.4842224
-0.8682556
0.22109985
0.18939209
-0.1609497
-0.62509155
0.355896
0.2069397
0.07147217
-0.4697876
0.4310913
0.28411865
0.18966675
-0.24914551
0.7005615
0.43151855
0.4239502
0.00088500977
1.098114
0.8085327
0.60369873
0.18157959
1.0882874
0.9862671
0.9024658
0.48233032
1.3900757
1.2303772
0.90548706
0.7001343
1.2396545
1.1054077
0.88983154
0.7303772
1.5014038
1.3436584
1.334137
1.0331116
1.97406
1.9950256
2.1095276
1.6551819
2.3373108
2.3720093
2.3566284
2.2469482
-1.5493774
-1.6524353
-1.6472778
-1.6895447
-1.6851807
-1.6748657
-1.6902466
-1.6895447
-1.6899719
-1.6895447
-1.6902466
-1.6895447
-1.6899719
-1.6895447
-1.6902466
-1.6895447
-1.6899719
-1.6895447
-1.6902466
-1.6895447
-1.6899719
-1.6895447
-1.6902466
-1.6895447
-1.6363525
-1.6358337
-1.5516052
-1.6895447
-0.4078064
-0.7032471
-0.69421387
-1.6426086
-0.018188477
-0.14556885
-0.40213013
-1.0098267
0.1449585
0.25482178
-0.17660522
-0.71295166
0.30999756
0.40325928
-0.031066895
-0.45028687
0.55410767
0.4569702
0.31170654
-0.3027649
0.7826538
0.6659241
0.5050049
-0.09674072
0.99942017
1.0438538
0.7140503
0.37393188
1.3900757
1.3006897
0.87615967
0.71868896
1.6351318
1.4959717
1.116394
0.7713928
1.9291077
1.8261414
1.5109253
1.3172913
2.1556702
2.157135
1.8410034
1.6161499
2.222107
2.2919006
1.9406128
1.835846
2.6000671
2.4735413
2.061737
1.79776
-1.1314697
-1.4542236
-1.3660278
-1.6543884
-1.1382446
-1.4746704
-1.3650818
-1.6826782
-1.1861267
-1.3955994
-1.5965576
-1.6895447
-1.1451111
-1.2529907
-1.3680115
-1.6895447
-1.6715088
-1.6465759
-1.6707153
-1.6895447
-1.6899719
-1.6866455
-1.6902466
-1.6895447
-1.6899719
-1.6895447
-1.6902466
-1.6895447
-1.6899719
-1.6895447
-1.6902466
-1.6895447
-1.0307922
-1.1211548
-1.0935364
-1.6885376
0.18887329
-0.14263916
-0.44125366
-1.0615845
0.6673889
0.44717407
0.09786987
-0.4727173
0.6673889
0.7420654
0.08609009
-0.13189697
0.58340454
0.82510376
0.21011353
0.00088500977
0.6605835
0.7489624
0.38693237
-0.002960205
1.1010132
1.0662842
0.79022217
0.35736084
1.528717
1.3553467
0.999176
0.80163574
1.7816772
1.7899475
1.0128479
1.0311279
1.9662476
2.0281982
1.2833252
1.2440491
2.0687866
2.1932373
1.741394
1.5868225
2.1596375
2.2840881
1.850708
1.7391357
2.3529358
2.3134155
1.9639893
1.8739319
-0.6753845
-1.156311
-1.2840271
-1.5498657
-1.6558533
-1.8555298
-1.8211365
-1.6895447
-1.6899719
-1.6895447
-1.6902466
-1.6895447
-1.6899719
-1.6895447
-1.6902466
-1.6895447
-1.683197
-1.561554
-1.1873169
-1.6895447
0.05316162
-0.30673218
-0.2684021
-1.2110596
0.5032959
0.40908813
0.26968384
-0.19250488
0.7416382
0.54190063
0.2140503
0.008728027
0.7523804
0.6972046
0.30776978
0.1366272
0.82073975
0.8748779
0.45129395
0.35443115
1.2250671
1.1698608
0.74432373
0.6220093
1.5707703
1.6513062
1.2364807
1.1014404
1.7650146
1.757721
1.382019
1.2001343
1.8997803
1.8299866
1.6524963
1.1864624
2.0463562
2.040924
1.8458862
1.6190796
2.2914124
2.3739014
1.9180908
1.8270874
2.4447327
2.4442139
1.9796448
1.9159546
-1.6899719
-1.6895447
-1.6902466
-1.6895447
-1.6890259
-1.6895447
-1.6863708
-1.6895447
-0.13043213
-0.460083
-0.6208801
-1.2051086
0.9671936
0.26556396
0.23651123
-0.28231812
0.8305359
0.66885376
0.413208
0.029174805
0.90960693
0.8524475
0.48843384
0.22549438
1.012146
1.1376343
0.77749634
0.5780945
1.2327881
1.3085022
0.881073
0.5506592
1.5990295
1.5203857
1.022644
0.84368896
1.6888733
1.4598694
1.0011597
0.9911804
1.8354187
1.976471
1.5372314
1.0223694
2.0755615
2.101532
1.8703003
1.2098389
2.3959045
2.5028381
1.927887
1.4169006
3.0707397
3.1131897
2.1730347
1.7469788
