-1.689331
-1.690033
-1.6895447
-1.6897888
-1.689331
-1.690033
-1.6895447
-1.6897888
-1.689331
-1.690033
-1.6895447
-1.6897888
-1.689331
-1.690033
-1.6895447
-1.6897888
-1.689331
-1.690033
-1.6895447
-1.6897888
-1.689331
-1.690033
-1.6895447
-1.6897888
-1.689331
-1.690033
-1.6895447
-1.6897888
-1.689331
-1.690033
-1.6895447
-1.6897888
-1.689331
-1.690033
-1.6895447
-1.6897888
-1.689331
-1.690033
-1.6895447
-1.6897888
-1.689331
-1.690033
-1.6895447
-1.6897888
-1.689331
-1.690033
-1.6895447
-1.6897888
-1.689331
-1.690033
-1.6895447
-1.6897888
-1.689331
-1.690033
-1.6895447
-1.6897888
-1.6883545
-1.690033
-1.6895447
-1.6868591
-0.836792
-1.5044861
-1.3291931
-0.79138184
-0.10925293
-0.1031189
-0.7696228
-0.55895996
-0.036956787
0.16641235
0.15319824
0.143219
-1.689331
-1.690033
-1.6895447
-1.6897888
-1.689331
-1.690033
-1.6895447
-1.6897888
-1.689331
-1.690033
-1.6895447
-1.6897888
-1.689331
-1.690033
-1.6895447
-1.6897888
-1.689331
-1.690033
-1.6895447
-1.6897888
-1.689331
-1.690033
-1.6895447
-1.6897888
-1.689331
-1.690033
-1.6895447
-1.6897888
-1.689331
-1.690033
-1.6895447
-1.6897888
-1.689331
-1.690033
-1.6895447
-1.6897888
-1.689331
-1.690033
-1.6895447
-1.6897888
-1.689331
-1.690033
-1.6895447
-1.6897888
-1.689331
-1.690033
-1.6895447
-1.6897888
-1.689331
-1.690033
-1.6895447
-1.6897888
-1.689331
-1.690033
-1.6895447
-1.6897888
-1.3768005
-1.690033
-1.6846924
-1.5540771
-0.7352295
-0.82577515
-1.272583
-1.1272888
-0.038909912
0.09411621
-0.25985718
-0.38998413
0.2989807
0.3626709
0.37295532
0.16470337
-1.689331
-1.690033
-1.6895447
-1.6897888
-1.689331
-1.690033
-1.6895447
-1.6897888
-1.689331
-1.690033
-1.6895447
-1.6897888
-1.689331
-1.690033
-1.6895447
-1.6897888
-1.689331
-1.690033
-1.6895447
-1.6897888
-1.689331
-1.690033
-1.6895447
-1.6897888
-1.689331
-1.690033
-1.6895447
-1.6897888
-1.689331
-1.690033
-1.6895447
-1.6897888
-1.689331
-1.690033
-1.6895447
-1.6897888
-1.689331
-1.690033
-1.6895447
-1.6897888
-1.689331
-1.690033
-1.6895447
-1.6897888
-1.689331
-1.690033
-1.6895447
-1.6897888
-1.689331
-1.690033
-1.6895447
-1.6897888
-1.689331
-1.690033
-1.6895447
-1.6897888
-1.6844482
-1.690033
-1.6895447
-1.684906
-0.4901123
-0.96932983
-0.78427124
-1.137085
0.39465332
0.55996704
0.719635
-0.071624756
0.7462158
0.17712402
0.4354248
0.4166565
-1.689331
-1.690033
-1.6895447
-1.6897888
-1.689331
-1.690033
-1.6895447
-1.6897888
-1.689331
-1.690033
-1.6895447
-1.6897888
-1.689331
-1.690033
-1.6895447
-1.6897888
-1.689331
-1.690033
-1.6895447
-1.6897888
-1.689331
-1.690033
-1.6895447
-1.6897888
-1.689331
-1.690033
-1.6895447
-1.6897888
-1.689331
-1.690033
-1.6895447
-1.6897888
-1.689331
-1.690033
-1.6895447
-1.6897888
-1.689331
-1.690033
-1.6895447
-1.6897888
-1.689331
-1.690033
-1.6895447
-1.6897888
-1.689331
-1.690033
-1.6895447
-1.6897888
-1.689331
-1.690033
-1.6895447
-1.6897888
-1.6697998
-1.690033
-1.6895447
-1.6897888
-1.6658936
-1.690033
-1.6895447
-1.6897888
-0.9822693
-1.6744385
-1.4444275
-1.5052185
-0.11605835
-0.21154785
-1.0548096
-0.92419434
0.11633301
-0.004486084
-0.28915405
-0.17419434
-1.689331
-1.690033
-1.6895447
-1.6897888
-1.689331
-1.690033
-1.6895447
-1.6897888
-1.689331
-1.690033
-1.6895447
-1.6897888
-1.689331
-1.690033
-1.6895447
-1.6897888
-1.689331
-1.690033
-1.6895447
-1.6897888
-1.689331
-1.690033
-1.6895447
-1.6897888
-1.689331
-1.690033
-1.6895447
-1.6897888
-1.689331
-1.690033
-1.6895447
-1.6897888
-1.689331
-1.690033
-1.6895447
-1.6897888
-1.689331
-1.690033
-1.6895447
-1.6897888
-1.689331
-1.690033
-1.6895447
-1.6897888
-1.689331
-1.690033
-1.6895447
-1.6897888
-1.689331
-1.690033
-1.6895447
-1.6897888
-1.6834717
-1.690033
-1.6895447
-1.6897888
-1.6326904
-1.690033
-1.6895447
-1.6897888
-1.6307068
-1.690033
-1.6427002
-1.6712341
-0.6746826
-0.73986816
-0.13781738
-0.33432007
0.0831604
0.36169434
0.34170532
0.31021118
0.51382446
0.64297485
0.70596313
0.5797119
-1.689331
-1.690033
-1.6895447
-1.6897888
-1.689331
-1.690033
-1.6895447
-1.6897888
-1.689331
-1.690033
-1.6895447
-1.6897888
-1.689331
-1.690033
-1.6895447
-1.6897888
-1.689331
-1.690033
-1.6895447
-1.6897888
-1.689331
-1.690033
-1.6895447
-1.6897888
-1.689331
-1.690033
-1.6895447
-1.6897888
-1.689331
-1.690033
-1.6895447
-1.6897888
-1.689331
-1.690033
-1.6895447
-1.6897888
-1.689331
-1.690033
-1.6895447
-1.6897888
-1.689331
-1.690033
-1.6895447
-1.6897888
-1.689331
-1.690033
-1.6895447
-1.6897888
-1.689331
-1.690033
-1.6895447
-1.6897888
-1.689331
-1.690033
-1.6895447
-1.6897888
-1.689331
-1.690033
-1.6895447
-1.6897888
-1.6268005
-1.690033
-1.6895447
-1.6897888
-1.3973389
-1.6822205
-1.6895447
-1.6897888
-0.43933105
-0.70666504
-1.3301697
-1.3763123
0.16616821
0.09512329
-0.28231812
-0.419281
0.5968323
0.78652954
0.5477295
0.25357056
-1.689331
-1.690033
-1.6895447
-1.6897888
-1.689331
-1.690033
-1.6895447
-1.6897888
-1.689331
-1.690033
-1.6895447
-1.6897888
-1.689331
-1.690033
-1.6895447
-1.6897888
-1.689331
-1.690033
-1.6895447
-1.6897888
-1.689331
-1.690033
-1.6895447
-1.6897888
-1.689331
-1.690033
-1.6895447
-1.6897888
-1.689331
-1.690033
-1.6895447
-1.6897888
-1.689331
-1.690033
-1.6895447
-1.6897888
-1.689331
-1.690033
-1.6895447
-1.6897888
-1.689331
-1.690033
-1.6895447
-1.6897888
-1.689331
-1.690033
-1.6895447
-1.6897888
-1.689331
-1.690033
-1.6895447
-1.6897888
-1.689331
-1.690033
-1.6895447
-1.6897888
-1.689331
-1.690033
-1.6895447
-1.6897888
-1.578949
-1.690033
-1.6895447
-1.6897888
-1.1687927
-1.6881104
-1.6895447
-1.6897888
-1.2908936
-1.6558838
-1.6895447
-1.6897888
-1.2957764
-1.5640869
-1.6202087
-1.6829529
-0.35534668
-0.73202515
-0.8770447
-0.89974976
0.44448853
0.14199829
-0.14852905
-0.41732788
-1.689331
-1.690033
-1.6895447
-1.6897888
-1.689331
-1.690033
-1.6895447
-1.6897888
-1.689331
-1.690033
-1.6895447
-1.6897888
-1.689331
-1.690033
-1.6895447
-1.6897888
-1.689331
-1.690033
-1.6895447
-1.6897888
-1.689331
-1.690033
-1.6895447
-1.6897888
-1.689331
-1.690033
-1.6895447
-1.6897888
-1.689331
-1.690033
-1.6895447
-1.6897888
-1.689331
-1.690033
-1.6895447
-1.6897888
-1.689331
-1.690033
-1.6895447
-1.6897888
-1.689331
-1.690033
-1.6895447
-1.6897888
-1.689331
-1.690033
-1.6895447
-1.6897888
-1.689331
-1.690033
-1.6895447
-1.6897888
-1.689331
-1.690033
-1.6895447
-1.6897888
-1.431488
-1.6871033
-1.6895447
-1.6897888
-1.1522217
-1.611908
-1.6798096
-1.6897888
-1.134613
-0.87557983
-0.5958252
-1.2552185
-0.38656616
-0.03866577
0.01260376
-0.26498413
0.24331665
0.18399048
-0.15438843
-0.39389038
0.4767151
0.31188965
-0.12414551
-0.36853027
-1.689331
-1.690033
-1.6895447
-1.6897888
-1.689331
-1.690033
-1.6895447
-1.6897888
-1.689331
-1.690033
-1.6895447
-1.6897888
-1.689331
-1.690033
-1.6895447
-1.6897888
-1.689331
-1.690033
-1.6895447
-1.6897888
-1.689331
-1.690033
-1.6895447
-1.6897888
-1.689331
-1.690033
-1.6895447
-1.6897888
-1.689331
-1.690033
-1.6895447
-1.6897888
-1.689331
-1.690033
-1.6895447
-1.6897888
-1.689331
-1.690033
-1.6895447
-1.6897888
-1.689331
-1.690033
-1.6895447
-1.6897888
-1.689331
-1.690033
-1.6895447
-1.6897888
-1.689331
-1.690033
-1.6895447
-1.6897888
-1.689331
-1.690033
-1.6895447
-1.6897888
-1.6492615
-1.690033
-1.6895447
-1.6897888
-1.2176208
-1.627533
-1.6895447
-1.6897888
-0.88461304
-1.1705322
-1.6543884
-1.6897888
-0.24499512
-0.5718689
-1.0567322
-1.5188904
-0.11605835
-0.14804077
-0.46395874
-0.9437256
-0.20980835
-0.19396973
-0.36047363
-0.7171631
-0.14733887
-0.11581421
-0.36047363
-0.30895996
-1.689331
-1.690033
-1.6895447
-1.6897888
-1.689331
-1.690033
-1.6895447
-1.6897888
-1.689331
-1.690033
-1.6895447
-1.6897888
-1.689331
-1.690033
-1.6895447
-1.6897888
-1.689331
-1.690033
-1.6895447
-1.6897888
-1.689331
-1.690033
-1.6895447
-1.6897888
-1.689331
-1.690033
-1.6895447
-1.6897888
-1.689331
-1.690033
-1.6895447
-1.6897888
-1.689331
-1.690033
-1.6895447
-1.6897888
-1.689331
-1.690033
-1.6895447
-1.6897888
-1.5076904
-1.6812439
-1.6895447
-1.6897888
-0.9451599
-1.042572
-1.4815369
-1.6897888
-1.0633545
-0.9625244
-1.289154
-1.6878662
-0.87094116
-0.73498535
-1.1192627
-1.6800537
-0.27035522
-0.37167358
-0.7540283
-1.1468506
-0.20883179
-0.19198608
-0.5128174
-0.5804138
0.0059814453
0.073638916
-0.27648926
-0.38607788
-1.689331
-1.690033
-1.6895447
-1.6897888
-1.689331
-1.690033
-1.6895447
-1.6897888
-1.689331
-1.690033
-1.6895447
-1.6897888
-1.689331
-1.690033
-1.6895447
-1.6897888
-1.689331
-1.690033
-1.6895447
-1.6897888
-1.689331
-1.690033
-1.6895447
-1.6897888
-1.633667
-1.6636658
-1.6807556
-1.6897888
-1.2440186
-1.1246338
-1.4561462
-1.6897888
-0.93148804
-1.0523376
-1.4346924
-1.6829529
-1.2030029
-1.1665955
-1.3790283
-1.434906
-1.1326904
-1.1734314
-1.2432556
-1.137085
-0.49890137
-0.7496338
-0.7100525
-0.51986694
-0.052581787
-0.3277588
-0.39071655
-0.40463257
0.1378479
0.14489746
-0.17883301
-0.13998413
-1.6897888
-1.690033
-1.6902771
-1.6897888
-1.6897888
-1.690033
-1.6902771
-1.6897888
-1.6897888
-1.690033
-1.6902771
-1.6897888
-1.6897888
-1.690033
-1.6902771
-1.6897888
-1.6897888
-1.690033
-1.6902771
-1.6897888
-1.6897888
-1.690033
-1.6902771
-1.6897888
-1.6897888
-1.690033
-1.6902771
-1.6897888
-1.6897888
-1.690033
-1.6902771
-1.6897888
-1.6897888
-1.690033
-1.6902771
-1.6897888
-1.6897888
-1.690033
-1.6902771
-1.6897888
-1.6897888
-1.690033
-1.6902771
-1.6897888
-1.6897888
-1.690033
-1.6902771
-1.6897888
-1.6897888
-1.690033
-1.6902771
-1.6897888
-1.6897888
-1.690033
-1.6902771
-1.6897888
-1.6897888
-1.690033
-1.6902771
-1.6897888
-1.6878357
-1.6783447
-1.6902771
-1.363617
-1.12146
-1.1568298
-1.4754639
-1.1966553
-0.7581482
-0.69784546
-0.78793335
-0.7503357
-1.6897888
-1.690033
-1.6902771
-1.6897888
-1.6897888
-1.690033
-1.6902771
-1.6897888
-1.6897888
-1.690033
-1.6902771
-1.6897888
-1.6897888
-1.690033
-1.6902771
-1.6897888
-1.6897888
-1.690033
-1.6902771
-1.6897888
-1.6897888
-1.690033
-1.6902771
-1.6897888
-1.6897888
-1.690033
-1.6902771
-1.6897888
-1.6897888
-1.690033
-1.6902771
-1.6897888
-1.6897888
-1.690033
-1.6902771
-1.6897888
-1.6897888
-1.690033
-1.6902771
-1.6897888
-1.6897888
-1.690033
-1.6902771
-1.6897888
-1.6897888
-1.690033
-1.6902771
-1.6897888
-1.6897888
-1.690033
-1.6902771
-1.6897888
-1.6897888
-1.690033
-1.6902771
-1.6897888
-1.6897888
-1.690033
-1.6902771
-1.692749
-1.6897888
-1.6382751
-1.6902771
-1.4837646
-0.98864746
-0.78182983
-1.1512146
-0.6185303
-0.26107788
-0.23397827
-0.3807373
-0.34509277
-1.6897888
-1.690033
-1.6902771
-1.6897888
-1.6897888
-1.690033
-1.6902771
-1.6897888
-1.6897888
-1.690033
-1.6902771
-1.6897888
-1.6897888
-1.690033
-1.6902771
-1.6897888
-1.6897888
-1.690033
-1.6902771
-1.6897888
-1.6897888
-1.690033
-1.6902771
-1.6897888
-1.6897888
-1.690033
-1.6902771
-1.6897888
-1.6897888
-1.690033
-1.6902771
-1.6897888
-1.6897888
-1.690033
-1.6902771
-1.6897888
-1.6897888
-1.690033
-1.6902771
-1.6897888
-1.6897888
-1.690033
-1.6902771
-1.6897888
-1.6897888
-1.690033
-1.6902771
-1.6897888
-1.6897888
-1.690033
-1.6902771
-1.6897888
-1.6897888
-1.690033
-1.6902771
-1.6897888
-1.6897888
-1.690033
-1.6902771
-1.6897888
-1.6897888
-1.6871338
-1.6902771
-1.6429138
-1.6575623
-1.3560486
-1.6902771
-1.2406006
-0.48083496
-1.019165
-1.673706
-0.56188965
-1.6897888
-1.690033
-1.6902771
-1.6897888
-1.6897888
-1.690033
-1.6902771
-1.6897888
-1.6897888
-1.690033
-1.6902771
-1.6897888
-1.6897888
-1.690033
-1.6902771
-1.6897888
-1.6897888
-1.690033
-1.6902771
-1.6897888
-1.6897888
-1.690033
-1.6902771
-1.6897888
-1.6897888
-1.690033
-1.6902771
-1.6897888
-1.6897888
-1.690033
-1.6902771
-1.6897888
-1.6897888
-1.690033
-1.6902771
-1.6897888
-1.6897888
-1.690033
-1.6902771
-1.6897888
-1.6897888
-1.690033
-1.6902771
-1.6897888
-1.6897888
-1.690033
-1.6902771
-1.6897888
-1.6897888
-1.690033
-1.6902771
-1.6897888
-1.6897888
-1.690033
-1.6902771
-1.6897888
-1.6897888
-1.690033
-1.6902771
-1.6897888
-1.6155701
-1.2671814
-1.689331
-1.6526794
-0.903656
-0.9566345
-1.6873779
-1.3880615
-0.049194336
-0.62072754
-1.6853943
-1.2747498
-1.6897888
-1.690033
-1.6902771
-1.6897888
-1.6897888
-1.690033
-1.6902771
-1.6897888
-1.6897888
-1.690033
-1.6902771
-1.6897888
-1.6897888
-1.690033
-1.6902771
-1.6897888
-1.6897888
-1.690033
-1.6902771
-1.6897888
-1.6897888
-1.690033
-1.6902771
-1.6897888
-1.6897888
-1.690033
-1.6902771
-1.6897888
-1.6897888
-1.690033
-1.6902771
-1.6897888
-1.6897888
-1.690033
-1.6902771
-1.6897888
-1.6897888
-1.690033
-1.6902771
-1.6897888
-1.6897888
-1.690033
-1.6902771
-1.6897888
-1.6897888
-1.690033
-1.6902771
-1.6897888
-1.6897888
-1.690033
-1.6902771
-1.6897888
-1.6897888
-1.690033
-1.6902771
-1.6897888
-1.6897888
-1.690033
-1.6902771
-1.6897888
-1.6897888
-1.690033
-1.6902771
-1.68396
-1.4007263
-1.2544861
-1.5858154
-1.0413818
-0.43978882
-0.10702515
-0.23815918
-0.8265381
0.0025634766
-0.027923584
-0.26940918
-0.6897888
-1.6897888
-1.690033
-1.6902771
-1.6897888
-1.6897888
-1.690033
-1.6902771
-1.6897888
-1.6897888
-1.690033
-1.6902771
-1.6897888
-1.6897888
-1.690033
-1.6902771
-1.6897888
-1.6897888
-1.690033
-1.6902771
-1.6897888
-1.6897888
-1.690033
-1.6902771
-1.6897888
-1.6897888
-1.690033
-1.6902771
-1.6897888
-1.6897888
-1.690033
-1.6902771
-1.6897888
-1.6897888
-1.690033
-1.6902771
-1.6897888
-1.6897888
-1.690033
-1.6902771
-1.6897888
-1.6897888
-1.690033
-1.6902771
-1.6897888
-1.6897888
-1.690033
-1.6902771
-1.6897888
-1.6897888
-1.690033
-1.6902771
-1.6897888
-1.6897888
-1.690033
-1.6902771
-1.6897888
-1.6897888
-1.690033
-1.6902771
-1.6897888
-1.6897888
-1.690033
-1.6902771
-1.6897888
-1.6897888
-1.6890564
-1.6902771
-1.6897888
-0.64294434
-0.9205017
-1.6902771
-1.5101013
0.024047852
-0.5338135
-1.4129639
-0.9710388
0.27212524
-0.50057983
0.3487854
0.08850098
-1.6897888
-1.690033
-1.6902771
-1.6897888
-1.6897888
-1.690033
-1.6902771
-1.6897888
-1.6897888
-1.690033
-1.6902771
-1.6897888
-1.6897888
-1.690033
-1.6902771
-1.6897888
-1.6897888
-1.690033
-1.6902771
-1.6897888
-1.6897888
-1.690033
-1.6902771
-1.6897888
-1.6897888
-1.690033
-1.6902771
-1.6897888
-1.6897888
-1.690033
-1.6902771
-1.6897888
-1.6897888
-1.690033
-1.6902771
-1.6897888
-1.6897888
-1.690033
-1.6902771
-1.6897888
-1.6897888
-1.690033
-1.6902771
-1.6897888
-1.6897888
-1.690033
-1.6902771
-1.6897888
-1.6897888
-1.690033
-1.6902771
-1.6897888
-1.6897888
-1.690033
-1.6902771
-1.6897888
-1.6897888
-1.690033
-1.6902771
-1.6897888
-1.6897888
-1.690033
-1.6902771
-1.6897888
-1.6897888
-1.690033
-1.6902771
-1.6897888
-1.6897888
-1.690033
-1.6902771
-1.6897888
-1.6897888
-1.690033
-1.6902771
-1.6478271
-1.2610779
-1.5152588
-1.689331
-1.3070068
-0.78845215
-1.1168213
-1.2166748
-0.90856934
-1.6897888
-1.690033
-1.6902771
-1.6897888
-1.6897888
-1.690033
-1.6902771
-1.6897888
-1.6897888
-1.690033
-1.6902771
-1.6897888
-1.6897888
-1.690033
-1.6902771
-1.6897888
-1.6897888
-1.690033
-1.6902771
-1.6897888
-1.6897888
-1.690033
-1.6902771
-1.6897888
-1.6897888
-1.690033
-1.6902771
-1.6897888
-1.6897888
-1.690033
-1.6902771
-1.6897888
-1.6897888
-1.690033
-1.6902771
-1.6897888
-1.6897888
-1.690033
-1.6902771
-1.6897888
-1.6897888
-1.690033
-1.6902771
-1.6897888
-1.6897888
-1.690033
-1.6902771
-1.6897888
-1.6897888
-1.690033
-1.6902771
-1.6897888
-1.6897888
-1.690033
-1.6902771
-1.6897888
-1.6897888
-1.690033
-1.6902771
-1.6897888
-1.6897888
-1.690033
-1.6902771
-1.6897888
-1.6888123
-1.6880798
-1.6902771
-1.6936951
-1.1907959
-1.3599854
-1.6902771
-1.6282654
-0.82751465
-0.9966736
-1.689331
-1.418335
-0.6663513
-0.8297119
-1.2371826
-0.888031
-1.6897888
-1.690033
-1.6902771
-1.6897888
-1.6897888
-1.690033
-1.6902771
-1.6897888
-1.6897888
-1.690033
-1.6902771
-1.6897888
-1.6897888
-1.690033
-1.6902771
-1.6897888
-1.6897888
-1.690033
-1.6902771
-1.6897888
-1.6897888
-1.690033
-1.6902771
-1.6897888
-1.6897888
-1.690033
-1.6902771
-1.6897888
-1.6897888
-1.690033
-1.6902771
-1.6897888
-1.6897888
-1.690033
-1.6902771
-1.6897888
-1.6897888
-1.690033
-1.6902771
-1.6897888
-1.6897888
-1.690033
-1.6902771
-1.6897888
-1.6897888
-1.690033
-1.6902771
-1.6897888
-1.6897888
-1.690033
-1.6902771
-1.6897888
-1.6897888
-1.690033
-1.6902771
-1.6897888
-1.6897888
-1.690033
-1.6902771
-1.6897888
-1.6897888
-1.690033
-1.6902771
-1.6897888
-1.6897888
-1.690033
-1.6902771
-1.6897888
-1.6849365
-1.6861572
-1.6902771
-1.6897888
-1.0550537
-1.2691345
-1.6902771
-1.6897888
-0.5238037
-0.73205566
-1.689331
-1.6360779
-0.2552185
-0.23886108
-1.1854248
-1.0735779
-1.6897888
-1.690033
-1.6902771
-1.6897888
-1.6897888
-1.690033
-1.6902771
-1.6897888
-1.6897888
-1.690033
-1.6902771
-1.6897888
-1.6897888
-1.690033
-1.6902771
-1.6897888
-1.6897888
-1.690033
-1.6902771
-1.6897888
-1.6897888
-1.690033
-1.6902771
-1.6897888
-1.6897888
-1.690033
-1.6902771
-1.6897888
-1.6897888
-1.690033
-1.6902771
-1.6897888
-1.6897888
-1.690033
-1.6902771
-1.6897888
-1.6897888
-1.690033
-1.6902771
-1.6897888
-1.6897888
-1.690033
-1.6902771
-1.6897888
-1.6897888
-1.690033
-1.6902771
-1.6897888
-1.6897888
-1.690033
-1.6902771
-1.6897888
-1.6888123
-1.690033
-1.6902771
-1.6897888
-1.1595459
-1.4839783
-1.6902771
-1.68396
-0.6878662
-0.7417908
-1.6394958
-1.4056091
-0.4407959
-0.66952515
-0.7996826
-1.1741943
-1.6897888
-1.690033
-1.6902771
-1.6897888
-1.6897888
-1.690033
-1.6902771
-1.6897888
-1.6897888
-1.690033
-1.6902771
-1.6897888
-1.6897888
-1.690033
-1.6902771
-1.6897888
-1.6897888
-1.690033
-1.6902771
-1.6897888
-1.6897888
-1.690033
-1.6902771
-1.6897888
-1.6897888
-1.690033
-1.6902771
-1.6897888
-1.6897888
-1.690033
-1.6902771
-1.6897888
-1.6897888
-1.690033
-1.6902771
-1.6897888
-1.6868591
-1.690033
-1.6902771
-1.6897888
-1.4876404
-1.6549072
-1.6902771
-1.6897888
-1.3313904
-1.3961182
-1.6902771
-1.6488037
-1.1136475
-1.2671814
-1.5809021
-1.3138428
-0.53845215
-0.6890869
-0.98324585
-0.9690857
