-1.6260986
-1.0276794
-1.1211853
-0.33312988
-1.6690369
-1.1311951
-1.3018799
-0.44543457
-1.6739502
-1.2278748
-1.2247009
-0.467865
-1.6895447
-1.5950928
-1.397583
-0.43466187
-1.6895447
-1.6898193
-1.6895447
-1.3028564
-1.6895447
-1.6898193
-1.6895447
-1.6895447
-1.6895447
-1.6898193
-1.6895447
-1.6895447
-1.6895447
-1.6898193
-1.6895447
-1.6895447
-1.6895447
-1.6898193
-1.6895447
-1.6895447
-1.6895447
-1.6898193
-1.6895447
-1.6817322
-1.6895447
-1.6898193
-1.664154
-1.5831299
-1.6895447
-1.691742
-1.4395447
-1.2305908
-1.6905518
-1.419281
-0.83410645
-0.69540405
-1.5987549
-0.97888184
-0.8907471
-0.51474
-1.5108643
-0.8489685
-0.8995056
-0.30578613
-1.4317322
-0.80114746
-1.092865
-0.2881775
-1.0430603
-0.7444763
-0.65145874
-0.31454468
-0.9756775
-0.34606934
-0.7276306
-0.29501343
-0.7344971
-0.8099365
-0.81359863
-0.1602478
-0.9571228
-1.0374756
-0.98547363
-0.3477478
-1.2628174
-1.2893982
-1.0879822
-0.43173218
-1.6895447
-1.6595154
-1.6446228
-0.8370056
-1.6895447
-1.6898193
-1.6895447
-1.6602478
-1.6895447
-1.6898193
-1.6895447
-1.6895447
-1.6895447
-1.6898193
-1.6895447
-1.6895447
-1.6895447
-1.6898193
-1.6895447
-1.6895447
-1.6895447
-1.6898193
-1.6895447
-1.6895447
-1.6895447
-1.6898193
-1.6895447
-1.6856384
-1.6895447
-1.6898193
-1.6651306
-1.57724
-1.6895447
-1.6643982
-1.3799744
-0.8926697
-1.6895447
-1.5364685
-1.1319275
-0.7178955
-1.5792236
-1.1048279
-0.881958
-0.5303955
-1.1924744
-0.8372803
-0.78427124
-0.10360718
-0.8350525
-0.80114746
-0.7178955
-0.054779053
-0.8585205
-0.4534912
-0.7676697
-0.13293457
-1.0333252
-0.30895996
-0.7989197
-0.29208374
-0.76278687
-0.9720154
-0.76672363
-0.013793945
-0.8887634
-1.0814209
-0.967865
-0.14465332
-1.3643494
-1.4642029
-1.326294
-0.31259155
-1.6895447
-1.6898193
-1.6895447
-1.0303955
-1.6895447
-1.6898193
-1.6895447
-1.6895447
-1.6895447
-1.6898193
-1.6895447
-1.6895447
-1.6895447
-1.6898193
-1.6895447
-1.6895447
-1.6895447
-1.6898193
-1.6875916
-1.6885681
-1.6895447
-1.6898193
-1.6104736
-1.6475525
-1.6895447
-1.6898193
-1.648529
-1.6036072
-1.6895447
-1.660492
-1.6622314
-1.5343018
-1.6895447
-1.4749756
-1.225708
-0.913208
-1.6895447
-1.286499
-1.0372009
-0.6456299
-1.6416931
-1.1116638
-1.0196228
-0.5586853
-1.280365
-0.8812256
-0.9073181
-0.42782593
-1.0821533
-0.419281
-0.87316895
-0.1914978
-1.0840759
-0.231781
-0.49035645
-0.29989624
-0.9102783
0.3981018
-0.29501343
0.02432251
-0.8907471
-1.0794373
-0.66516113
0.045806885
-0.9454346
-0.9085388
-0.7520447
-0.027435303
-1.5186768
-1.3929138
-1.4024658
-0.91903687
-1.6895447
-1.6898193
-1.6895447
-1.6885681
-1.6895447
-1.6898193
-1.6895447
-1.6895447
-1.6895447
-1.6898193
-1.6895447
-1.6895447
-1.6895447
-1.6898193
-1.6895447
-1.6895447
-1.6895447
-1.6898193
-1.6895447
-1.6895447
-1.6895447
-1.6898193
-1.6895447
-1.6885681
-1.6895447
-1.6898193
-1.6836853
-1.623169
-1.6895447
-1.6741943
-1.63974
-1.3868408
-1.6895447
-1.6312256
-1.1319275
-0.82040405
-1.6895447
-1.5315857
-1.0020752
-0.65927124
-1.6895447
-1.2054443
-0.9659424
-0.46887207
-1.6104736
-0.8812256
-0.7491455
-0.36727905
-0.85165405
-0.30307007
-0.7432556
-0.11923218
-0.52352905
-0.3939209
-0.6963806
-0.09970093
-0.5177002
-0.6732178
-0.58117676
-0.16317749
-0.8370056
-1.0276794
-0.58898926
-0.08117676
-1.1045837
-1.1731873
-0.77645874
-0.19052124
-1.4229736
-1.3929138
-1.2266846
-0.8946533
-1.6875916
-1.6878357
-1.6895447
-1.6778564
-1.6895447
-1.6898193
-1.6895447
-1.6895447
-1.6895447
-1.6898193
-1.6895447
-1.6895447
-1.6895447
-1.6898193
-1.6895447
-1.6895447
-1.6895447
-1.6898193
-1.6895447
-1.6895447
-1.6895447
-1.6898193
-1.6895447
-1.6895447
-1.6895447
-1.6898193
-1.6875916
-1.6758728
-1.6895447
-1.6898193
-1.6866455
-1.6143799
-1.6895447
-1.6859131
-1.664154
-1.5655212
-1.6895447
-1.6898193
-1.2930603
-0.93270874
-1.6895447
-1.6790771
-1.1134033
-0.5879822
-1.6719666
-1.55896
-1.0460205
-0.5508728
-1.3594666
-1.1409607
-1.0440369
-0.5918884
-1.0469971
-0.5520935
-0.90930176
-0.19348145
-0.4444275
-0.09603882
-0.5333252
0.01159668
-0.09289551
-0.110687256
-0.32333374
0.044830322
-1.6895447
-1.6898193
-1.663208
-1.5977783
-1.6671143
-1.6722107
-1.6358337
-1.601654
-1.6807556
-1.6809998
-1.6710205
-1.6280212
-1.6895447
-1.6898193
-1.6895447
-1.6885681
-1.6895447
-1.6898193
-1.6895447
-1.6895447
-1.6895447
-1.6898193
-1.6895447
-1.6895447
-1.6895447
-1.6898193
-1.6895447
-1.6895447
-1.6895447
-1.6898193
-1.6895447
-1.6895447
-1.6895447
-1.6898193
-1.6895447
-1.6895447
-1.6895447
-1.6898193
-1.6895447
-1.6866455
-1.6895447
-1.6898193
-1.6866455
-1.3955994
-1.6895447
-1.6898193
-1.6446228
-1.366333
-1.6895447
-1.6888123
-1.5899658
-1.4122009
-1.6895447
-1.6898193
-1.6163025
-1.006958
-1.6895447
-1.6751709
-1.3858643
-0.6231384
-1.6836853
-1.4417725
-1.1427002
-0.47766113
-1.4561462
-1.1477966
-1.1475525
-0.53723145
-0.87997437
-0.8187256
-0.82629395
-0.053833008
-0.5333252
-0.21029663
-0.22372437
0.41299438
-0.27059937
-0.25228882
-0.12411499
0.35733032
-1.6895447
-1.6898193
-1.6895447
-1.6895447
-1.6895447
-1.6898193
-1.6895447
-1.6895447
-1.6895447
-1.6898193
-1.6895447
-1.6895447
-1.6895447
-1.6898193
-1.6895447
-1.6895447
-1.6895447
-1.6898193
-1.6895447
-1.6895447
-1.6895447
-1.6898193
-1.6895447
-1.6895447
-1.6895447
-1.6898193
-1.6895447
-1.6895447
-1.6895447
-1.6898193
-1.6895447
-1.6895447
-1.6895447
-1.6898193
-1.6895447
-1.6895447
-1.6895447
-1.6898193
-1.6895447
-1.6895447
-1.6895447
-1.6898193
-1.6895447
-1.6836853
-1.6895447
-1.6898193
-1.6475525
-1.4425049
-1.6895447
-1.6360779
-1.3428955
-1.3067627
-1.6846619
-1.4632568
-1.0108643
-1.2940674
-1.6104736
-1.4368591
-1.5850525
-0.94052124
-1.4161072
-1.286499
-1.6436462
-0.52841187
-1.0684509
-0.9661865
-0.9288025
-0.2647705
-1.3624268
-1.0775146
-1.092865
-0.499115
-1.0147705
-0.9476013
-0.9883728
-0.29208374
-0.7774658
-0.6546631
-0.811615
-0.29699707
-0.6426697
-0.47201538
-0.69348145
-0.23742676
-1.6895447
-1.6898193
-1.6895447
-1.6895447
-1.6895447
-1.6898193
-1.6895447
-1.6895447
-1.6895447
-1.6898193
-1.6895447
-1.6895447
-1.6895447
-1.6898193
-1.6895447
-1.6895447
-1.6895447
-1.6898193
-1.6895447
-1.6895447
-1.6895447
-1.6898193
-1.6895447
-1.6895447
-1.6895447
-1.6898193
-1.6895447
-1.6895447
-1.6895447
-1.6898193
-1.6895447
-1.6895447
-1.6895447
-1.6898193
-1.6895447
-1.6895447
-1.6895447
-1.6898193
-1.6895447
-1.6885681
-1.6895447
-1.6898193
-1.6846619
-1.4346924
-1.6895447
-1.6898193
-1.0196228
-0.850708
-1.6739502
-1.4310303
-0.69247437
-0.7540283
-1.5518494
-1.161499
-0.87997437
-0.7950134
-1.2012634
-0.9720154
-1.0000916
-0.52941895
-1.023529
-0.958374
-0.8350525
-0.53723145
-0.85165405
-0.7835388
-0.72372437
-0.5957947
-0.8243103
-0.69470215
-0.7510681
-0.38290405
-0.68466187
-0.51013184
-0.79016113
-0.1602478
-0.6758728
-0.5657959
-0.6680603
-0.12609863
-1.6895447
-1.6898193
-1.6895447
-1.6895447
-1.6895447
-1.6898193
-1.6895447
-1.6895447
-1.6836853
-1.6575623
-1.6885681
-1.2569275
-1.1378174
-1.114624
-1.6348877
-0.34677124
-1.6339111
-1.6273193
-1.6895447
-1.6573181
-1.6895447
-1.6898193
-1.6895447
-1.6895447
-1.6895447
-1.6898193
-1.6895447
-1.6895447
-1.6895447
-1.6898193
-1.6895447
-1.6895447
-1.6895447
-1.6898193
-1.6895447
-1.6895447
-1.6895447
-1.6898193
-1.6895447
-1.6895447
-1.6895447
-1.6898193
-1.6895447
-1.6895447
-1.6895447
-1.6898193
-1.6895447
-1.5850525
-1.6895447
-1.6898193
-1.5938721
-0.8223877
-1.6778564
-1.5716248
-0.77453613
-0.66415405
-1.5782471
-1.1888123
-0.72372437
-1.1514587
-1.4024658
-0.95739746
-0.9219971
-0.7335205
-1.2120056
-0.8909607
-0.8526306
-0.7559509
-1.0967712
-0.7982178
-0.86535645
-0.5948181
-0.8760681
-0.78060913
-0.86727905
-0.29309082
-0.61828613
-0.6429138
-0.3897705
0.43151855
-0.428833
-0.122406006
0.07897949
0.44815063
-1.6895447
-1.6898193
-1.6895447
-1.6895447
-1.6319275
-1.4261475
-1.6710205
-0.79696655
-1.6895447
-1.6898193
-1.6895447
-1.6895447
-1.6895447
-1.6898193
-1.6895447
-1.6895447
-1.6895447
-1.6898193
-1.6895447
-1.6895447
-1.6895447
-1.6898193
-1.6895447
-1.6895447
-1.6895447
-1.6898193
-1.6895447
-1.6895447
-1.6895447
-1.6898193
-1.6895447
-1.664154
-1.6895447
-1.6898193
-1.6026611
-1.0303955
-1.6895447
-1.5706787
-0.9629822
-0.7198181
-1.6192627
-1.3753357
-0.7325134
-0.59872437
-1.3712158
-1.1497803
-0.7940674
-0.6231384
-1.0616455
-0.9251709
-0.79599
-0.6290283
-0.8145752
-0.88412476
-0.76083374
-0.70028687
-0.6612549
-0.48666382
-0.26867676
-0.020629883
-0.34484863
0.01626587
0.33581543
0.5252991
-0.024536133
0.1402893
0.3319397
0.4276123
-1.6895447
-1.6898193
-1.6895447
-1.6895447
-1.6895447
-1.6898193
-1.6895447
-1.6895447
-1.6895447
-1.6898193
-1.6895447
-1.6895447
-1.6895447
-1.6898193
-1.6895447
-1.6895447
-1.6895447
-1.6898193
-1.6895447
-1.6378174
-1.5157166
-1.5501709
-1.2510986
-0.9278259
-1.6719666
-1.3040466
-0.7989197
-0.69055176
-1.5499268
-1.1722107
-0.6758728
-0.5801697
-1.3155212
-0.98861694
-0.6329346
-0.6055908
-1.2139893
-0.8343506
-0.6114197
-0.5870056
-0.85461426
-0.50231934
-0.43762207
-0.50891113
-0.39657593
0.04067993
-0.114349365
-0.17196655
-0.08117676
0.03869629
0.10632324
0.107299805
-0.08605957
-0.2767334
-0.039154053
0.12588501
-1.6897583
-1.6897583
-1.6885986
-1.6788025
-1.6897583
-1.6897583
-1.6895447
-1.6895447
-1.6897583
-1.6897583
-1.6895447
-1.6895447
-1.6897583
-1.6897583
-1.6895447
-1.6895447
-1.6897583
-1.6897583
-1.6895447
-1.6895447
-1.6897583
-1.6897583
-1.6895447
-1.6895447
-1.6897583
-1.6897583
-1.6895447
-1.6895447
-1.6897583
-1.6897583
-1.6895447
-1.6895447
-1.6897583
-1.6897583
-1.6895447
-1.6895447
-1.6897583
-1.6897583
-1.6895447
-1.6895447
-1.6897583
-1.6897583
-1.6895447
-1.6895447
-1.6897583
-1.6897583
-1.6895447
-1.6895447
-1.6897583
-1.6897583
-1.6905212
-1.6895447
-1.6897583
-1.6897583
-1.6895447
-1.6748962
-1.6897583
-1.6897583
-1.6895447
-1.2109985
-1.6897583
-1.6722107
-1.1143799
-0.8067322
-1.6838989
-1.544281
-0.5195923
-0.7334595
-1.5218201
-1.0628357
-0.41711426
-0.5430908
-1.6897583
-1.6897583
-1.6358337
-1.0977478
-1.6897583
-1.6897583
-1.6895447
-1.6875916
-1.6897583
-1.6897583
-1.6895447
-1.6895447
-1.6897583
-1.6897583
-1.6895447
-1.6895447
-1.6897583
-1.6897583
-1.6895447
-1.6895447
-1.6897583
-1.6897583
-1.6895447
-1.6895447
-1.6897583
-1.6897583
-1.6895447
-1.6895447
-1.6897583
-1.6897583
-1.6895447
-1.6895447
-1.6897583
-1.6897583
-1.6895447
-1.6895447
-1.6897583
-1.6897583
-1.6895447
-1.6895447
-1.6897583
-1.6897583
-1.6895447
-1.6895447
-1.6897583
-1.6897583
-1.6895447
-1.6895447
-1.6897583
-1.6897583
-1.6895447
-1.6895447
-1.6897583
-1.6897583
-1.6895447
-1.538208
-1.6897583
-1.6897583
-1.6895447
-0.7911072
-1.6897583
-1.6429138
-1.0313416
-0.5538025
-1.4329529
-0.75619507
-0.436615
-0.32528687
-0.76013184
-0.49053955
-0.27056885
0.027282715
-1.3899841
-1.2356567
-0.6397705
-0.3574829
-1.6204224
-1.6019287
-1.1290283
-0.7871704
-1.6897583
-1.6897583
-1.6895447
-1.6846619
-1.6897583
-1.6897583
-1.6895447
-1.6895447
-1.6897583
-1.6897583
-1.6895447
-1.6895447
-1.6897583
-1.6897583
-1.6895447
-1.6895447
-1.6897583
-1.6897583
-1.6895447
-1.6895447
-1.6897583
-1.6897583
-1.6895447
-1.6895447
-1.6897583
-1.6897583
-1.6895447
-1.6895447
-1.6897583
-1.6897583
-1.6895447
-1.6895447
-1.6897583
-1.6897583
-1.6895447
-1.6895447
-1.6897583
-1.6897583
-1.6895447
-1.6895447
-1.6897583
-1.6897583
-1.6895447
-1.6885986
-1.6897583
-1.6897583
-1.6895447
-1.1192322
-1.6888428
-1.6790466
-1.6094666
-0.69540405
-1.6585388
-1.6311951
-0.6524353
-0.6026306
-1.622406
-1.1311951
-0.65341187
-0.61828613
-0.9857178
-0.5550232
-0.6212158
-0.37512207
-1.0413513
-1.0706177
-0.3927002
0.07220459
-1.1819458
-1.1585388
-0.41903687
-0.24615479
-1.669281
-1.6292725
-1.4288025
-1.5030212
-1.6897583
-1.6897583
-1.6895447
-1.6895447
-1.6897583
-1.6897583
-1.6895447
-1.6895447
-1.6897583
-1.6897583
-1.6895447
-1.6895447
-1.6897583
-1.6897583
-1.6895447
-1.6895447
-1.6897583
-1.6897583
-1.6895447
-1.6895447
-1.6897583
-1.6897583
-1.6895447
-1.6895447
-1.6897583
-1.6897583
-1.6895447
-1.6895447
-1.6897583
-1.6897583
-1.6895447
-1.6895447
-1.6897583
-1.6897583
-1.6895447
-1.6895447
-1.6897583
-1.6897583
-1.6895447
-1.6885986
-1.6897583
-1.6897583
-1.6895447
-1.3233337
-1.6878357
-1.6322021
-1.2042236
-0.6241455
-0.91244507
-0.6917114
-0.46496582
-0.7930298
-0.52767944
-0.17318726
-0.10848999
-0.39361572
-0.07550049
0.25650024
0.10632324
0.20108032
-1.0052185
-0.85287476
-0.58599854
-0.16903687
-1.208374
-1.0901794
-0.4356079
-0.22665405
-1.3538513
-1.2737732
-0.79403687
-0.9473572
-1.6731873
-1.668335
-1.6534119
-1.6875916
-1.6897583
-1.6897583
-1.6895447
-1.6895447
-1.6897583
-1.6897583
-1.6895447
-1.6895447
-1.6897583
-1.6897583
-1.6895447
-1.6895447
-1.6897583
-1.6897583
-1.6895447
-1.6895447
-1.6897583
-1.6897583
-1.6895447
-1.6895447
-1.6897583
-1.6897583
-1.6895447
-1.6895447
-1.6897583
-1.6897583
-1.6895447
-1.6895447
-1.6897583
-1.6897583
-1.6895447
-1.6895447
-1.6897583
-1.6897583
-1.6895447
-1.6895447
-1.6897583
-1.6897583
-1.6895447
-1.6885986
-1.6897583
-1.6897583
-1.6895447
-1.2715759
-1.6897583
-1.6897583
-1.6651001
-0.9229431
-1.3333435
-0.56573486
-0.42590332
-0.09188843
-0.41534424
-0.2268982
0.0008544922
0.34069824
-0.02178955
0.3248291
0.51846313
0.64349365
-1.6712646
-1.5599365
-1.6292725
-1.328186
-1.3653259
-1.6673279
-1.6594849
-1.5977783
-1.6348267
-1.6888428
-1.6878357
-1.6836853
-1.6895447
-1.6897583
-1.6897583
-1.6895447
-1.6895447
-1.6897583
-1.6897583
-1.6895447
-1.6895447
-1.6897583
-1.6897583
-1.6895447
-1.6895447
-1.6897583
-1.6897583
-1.6895447
-1.6895447
-1.6897583
-1.6897583
-1.6895447
-1.6895447
-1.6897583
-1.6897583
-1.6895447
-1.6895447
-1.6897583
-1.6897583
-1.6895447
-1.6895447
-1.6897583
-1.6897583
-1.6885986
-1.6895447
-1.6897583
-1.6897583
-1.6885986
-1.6895447
-1.6897583
-1.6897583
-1.6895447
-1.6895447
-1.6897583
-1.6897583
-1.6895447
-1.6797485
-1.6897583
-1.6897583
-1.6875916
-1.0899658
-1.6888428
-1.6897583
-1.6612549
-0.69641113
-1.676117
-1.2385864
-0.89172363
-0.38876343
-1.0286255
-0.4925537
-0.12802124
0.29193115
0.3072815
0.82095337
1.1590881
1.3182678
-1.6897583
-1.6897583
-1.6895447
-1.6895447
-1.6897583
-1.6878357
-1.6524658
-1.6709595
-1.6897583
-1.6868286
-1.5772705
-1.6759033
-1.6897583
-1.6897583
-1.6895447
-1.6895447
-1.6897583
-1.6897583
-1.6895447
-1.6895447
-1.6897583
-1.6897583
-1.6895447
-1.6895447
-1.6897583
-1.6897583
-1.6895447
-1.6895447
-1.6897583
-1.6897583
-1.6895447
-1.6895447
-1.6897583
-1.6897583
-1.6895447
-1.6895447
-1.6897583
-1.6897583
-1.6895447
-1.6895447
-1.6897583
-1.6897583
-1.6895447
-1.6895447
-1.6897583
-1.6897583
-1.6895447
-1.6895447
-1.6897583
-1.6897583
-1.6895447
-1.6885986
-1.6897583
-1.6897583
-1.6788025
-1.6788025
-1.6897583
-1.6897583
-1.6836853
-1.6895447
-1.6897583
-1.6897583
-1.6895447
-1.3955994
-1.6897583
-1.6800537
-1.6788025
-0.741333
-1.6634216
-1.5169373
-1.4981384
-0.6309204
-1.4935303
-1.232727
-1.1622314
-0.69833374
-1.2903748
-0.9446411
-0.6114197
-0.600708
-0.23474121
-0.4691162
-0.23150635
-0.10360718
-1.6897583
-1.6897583
-1.6875916
-1.6895447
-1.6888428
-1.6458435
-1.4317322
-1.63974
-1.6897583
-1.6897583
-1.6836853
-1.6895447
-1.6897583
-1.6897583
-1.6895447
-1.6895447
-1.6897583
-1.6897583
-1.6895447
-1.6895447
-1.6897583
-1.6897583
-1.6895447
-1.6895447
-1.6897583
-1.6897583
-1.6895447
-1.6895447
-1.6897583
-1.6897583
-1.6895447
-1.6895447
-1.6897583
-1.6897583
-1.6895447
-1.6895447
-1.6897583
-1.6897583
-1.6895447
-1.6895447
-1.6897583
-1.6897583
-1.6895447
-1.6895447
-1.6897583
-1.6897583
-1.6895447
-1.6875916
-1.6897583
-1.6897583
-1.5879822
-1.6280518
-1.6897583
-1.6897583
-1.670044
-1.6738892
-1.6897583
-1.6888428
-1.6553955
-1.007904
-1.6322021
-1.5813599
-1.4415283
-0.63778687
-1.0941162
-1.2366638
-1.0225525
-0.47958374
-0.7131958
-0.8236084
-0.94247437
-0.11239624
-0.48568726
-0.6097412
-0.50201416
-0.09970093
-0.21710205
0.07876587
0.3055725
0.17666626
-1.6897583
-1.6897583
-1.6895447
-1.6895447
-1.6897583
-1.6897583
-1.6895447
-1.6895447
-1.6888428
-1.6888428
-1.6875916
-1.686615
-0.76104736
-1.1067505
-0.69833374
-0.6289978
-1.3538513
-1.364624
-1.242279
-1.3780212
-1.6741943
-1.6868286
-1.6671143
-1.6895447
-1.6897583
-1.6897583
-1.6895447
-1.6895447
-1.6897583
-1.6897583
-1.6895447
-1.6895447
-1.6897583
-1.6897583
-1.6895447
-1.6895447
-1.6897583
-1.6897583
-1.6895447
-1.6895447
-1.6897583
-1.6897583
-1.6895447
-1.6895447
-1.6897583
-1.6897583
-1.6895447
-1.6895447
-1.6897583
-1.6897583
-1.6895447
-1.6895447
-1.6897583
-1.6897583
-1.6759033
-1.6006775
-1.6897583
-1.6897583
-1.6573181
-1.6358337
-1.6859131
-1.6897583
-1.3418884
-0.81359863
-1.6370544
-1.6351318
-0.75790405
-0.54016113
-1.4231873
-1.1213989
-0.6475525
-0.60165405
-0.58432007
-0.5882263
-0.6446228
-0.54016113
-0.25131226
-0.08236694
-0.16708374
-0.21395874
0.06604004
0.19107056
0.2255249
0.27337646
-1.6897583
-1.6897583
-1.6895447
-1.6895447
-1.6897583
-1.6897583
-1.6875916
-1.6856079
-1.6897583
-1.6897583
-1.686615
-1.6895447
-1.6897583
-1.6897583
-1.6895447
-1.6895447
-1.6897583
-1.6897583
-1.6895447
-1.6895447
-1.6897583
-1.6897583
-1.6895447
-1.6895447
-1.6897583
-1.6897583
-1.6895447
-1.6895447
-1.6897583
-1.6897583
-1.6895447
-1.6895447
-1.6897583
-1.6897583
-1.6895447
-1.6534119
-1.6897583
-1.6897583
-1.6671143
-1.38974
-1.6897583
-1.6897583
-1.6729736
-1.5772705
-1.5462341
-1.5238037
-1.4962158
-1.3301697
-1.3440552
-1.2122498
-0.8819275
-0.46496582
-1.192749
-1.130249
-0.6055603
-0.5743103
-0.9446411
-0.77474976
-0.5176697
-0.45809937
-0.6409302
-0.5081787
-0.280365
-0.19052124
-0.27572632
-0.123413086
0.13369751
0.16983032
-1.6897583
-1.6897583
-1.6895447
-1.6895447
-1.6897583
-1.6897583
-1.6895447
-1.6895447
-1.6897583
-1.6897583
-1.6895447
-1.6895447
-1.6897583
-1.6897583
-1.6895447
-1.6895447
-1.6897583
-1.6897583
-1.6895447
-1.6895447
-1.6897583
-1.6897583
-1.6895447
-1.6817322
-1.6897583
-1.6897583
-1.6846619
-1.5127869
-1.6809692
-1.6731873
-1.5449829
-0.9014282
-1.1351013
-1.2669373
-1.467865
-0.5352478
-1.076477
-0.78256226
-1.1807251
-0.46688843
-0.87145996
-0.731781
-0.7657471
-0.4746704
-0.95251465
-0.54623413
-0.45617676
-0.10946655
-1.0452576
-0.54623413
-0.20709229
0.17080688
-0.26010132
0.0513916
0.26257324
0.4881897
