-1.0300903
-0.5952759
-0.2298584
-0.024963379
-1.673706
-1.549408
-1.5071411
-0.6480408
-1.6893005
-1.6900635
-1.6897888
-1.4468689
-1.6893005
-1.6900635
-1.6897888
-1.6851501
-1.6893005
-1.6900635
-1.6878052
-1.6499939
-1.6893005
-1.6900635
-1.6888428
-1.144165
-1.6893005
-1.6900635
-1.6897888
-1.518158
-1.6893005
-1.6900635
-1.6897888
-1.6890259
-1.6893005
-1.6900635
-1.6897888
-1.6900635
-1.6893005
-1.6900635
-1.6897888
-1.6900635
-1.6893005
-1.6900635
-1.6897888
-1.6900635
-1.6893005
-1.6900635
-1.6897888
-1.6568298
-1.6893005
-1.6900635
-1.5979614
-1.3413696
-1.6873474
-1.5191345
-0.6595154
-1.0386658
-1.1571045
-0.44882202
-0.5257263
-0.3735962
-0.7293091
-0.54452515
-0.14193726
-0.37561035
-0.579895
-0.20080566
0.27990723
-0.04449463
-0.24594116
0.17324829
0.58462524
0.52285767
-0.24395752
0.018951416
-0.24841309
0.17126465
-1.6716919
-1.2857056
-0.78549194
-0.04647827
-1.6893005
-1.6900635
-1.5101013
-0.82870483
-1.6893005
-1.6900635
-1.6897888
-1.5933228
-1.6893005
-1.6900635
-1.6888428
-1.4820251
-1.6893005
-1.6900635
-1.6760864
-1.5465088
-1.6893005
-1.6900635
-1.6888428
-1.6851501
-1.6893005
-1.6900635
-1.6897888
-1.6900635
-1.6893005
-1.6900635
-1.6897888
-1.6900635
-1.6893005
-1.6900635
-1.6897888
-1.6900635
-1.6893005
-1.6900635
-1.6897888
-1.6880493
-1.6893005
-1.6900635
-1.6888428
-1.4907837
-1.6893005
-1.6880493
-1.3597107
-0.55426025
-1.6326599
-1.151947
-0.3850708
-0.65390015
-0.736145
-0.6060486
-0.4847107
-0.014221191
-0.50668335
-0.45565796
-0.17318726
0.2611084
-0.008605957
0.23773193
0.4058838
0.6185608
0.30386353
0.5160217
0.5836487
0.8734131
0.057769775
0.19766235
0.43423462
0.38909912
-0.12872314
-0.3092041
0.3765869
-0.03765869
-1.5916443
-1.2808228
-1.0022583
-0.59039307
-1.6893005
-1.6900635
-1.6878052
-1.4487915
-1.6893005
-1.6900635
-1.6888428
-1.666626
-1.6893005
-1.6900635
-1.6888428
-1.5620728
-1.6893005
-1.6900635
-1.6897888
-1.6704712
-1.6893005
-1.6900635
-1.6897888
-1.6880493
-1.6893005
-1.6900635
-1.6897888
-1.6900635
-1.6893005
-1.6900635
-1.6897888
-1.6900635
-1.6893005
-1.6900635
-1.6897888
-1.5718689
-1.6893005
-1.6900635
-1.6477966
-0.80822754
-1.6893005
-1.6890259
-0.91049194
-0.644104
-1.5310974
-1.2701416
-0.16635132
0.014038086
-0.48321533
-0.050354004
-0.07064819
0.24841309
-0.20394897
-0.14413452
-0.18295288
0.042388916
-0.2078247
-0.20370483
-0.002319336
0.14300537
-0.17956543
0.024810791
0.5153198
0.4154358
0.17108154
0.15078735
0.4635315
0.17422485
-0.064331055
-0.000579834
0.22137451
0.007232666
-1.2029724
-1.1646423
-1.2249146
-1.1060181
-1.6893005
-1.6900635
-1.6897888
-1.6900635
-1.6893005
-1.6900635
-1.6897888
-1.620697
-1.6893005
-1.6900635
-1.6839294
-1.3062744
-1.6893005
-1.6900635
-1.6741638
-1.3374939
-1.6893005
-1.6900635
-1.6760864
-1.2476501
-1.6893005
-1.6900635
-1.6897888
-1.6704712
-1.6893005
-1.6900635
-1.6897888
-1.6753845
-1.6893005
-1.6900635
-1.6702881
-1.3677673
-1.6893005
-1.6900635
-1.6506958
-0.7036743
-1.6893005
-1.6871033
-1.0941162
-0.7076111
-1.4109802
-0.89123535
-0.36853027
-0.17929077
-0.3328247
-0.18908691
-0.16049194
0.37438965
-0.21078491
0.037506104
0.07876587
0.7074585
0.10171509
0.17816162
0.1852417
1.1468811
0.38980103
0.53359985
0.869812
1.3538818
0.021636963
-0.087524414
-0.08139038
-0.284729
-0.039855957
-0.2310791
0.22723389
-0.38146973
-0.65802
-0.89019775
-0.6878357
-0.8277283
-1.6160583
-1.604065
-1.684906
-1.6587524
-1.6893005
-1.6900635
-1.6897888
-1.6900635
-1.6893005
-1.6900635
-1.6790466
-1.5406494
-1.6893005
-1.6880493
-1.5833435
-0.7330017
-1.6893005
-1.6900635
-1.6243591
-1.315033
-1.6893005
-1.6900635
-1.6633911
-1.4869385
-1.6893005
-1.6900635
-1.6897888
-1.6783447
-1.6893005
-1.6900635
-1.6897888
-1.6900635
-1.6893005
-1.6900635
-1.6897888
-1.6773071
-1.6893005
-1.6900635
-1.5413513
-0.90979004
-1.6893005
-1.6812439
-0.8860779
-0.41952515
-1.5672302
-0.55722046
-0.53448486
-0.331604
-0.27911377
-0.14019775
-0.27474976
-0.087524414
0.40545654
0.47106934
0.6920471
0.87542725
0.6134033
0.8138428
0.9850464
1.1077881
0.97576904
1.1839905
1.2252808
1.3627014
-1.571167
-1.5533142
-1.4363708
-1.3374939
-1.3704834
-1.5220947
-1.5144958
-1.6148376
-1.5667114
-1.6021423
-1.6834412
-1.6880493
-1.6868286
-1.6871033
-1.6893005
-1.6900635
-1.6897888
-1.6900635
-1.6893005
-1.6900635
-1.6897888
-1.6900635
-1.6893005
-1.6900635
-1.6819458
-1.6070557
-1.6893005
-1.6861267
-1.5452881
-1.0396118
-1.6893005
-1.6871033
-1.5559692
-1.119751
-1.6893005
-1.6900635
-1.6409912
-1.5171814
-1.6893005
-1.6880493
-1.660492
-1.589447
-1.6873474
-1.68219
-1.677124
-1.6167603
-1.6893005
-1.6871033
-1.6654053
-1.4801025
-1.6893005
-1.6900635
-1.6780701
-1.4508057
-1.6893005
-1.6900635
-1.1722412
-1.06604
-1.5418701
-1.2232361
-0.591156
-0.35217285
-0.36309814
-0.3296814
-0.4895935
-0.10702515
-0.20394897
0.019927979
-0.4407959
-0.020080566
0.3644104
0.418396
0.08465576
0.6331787
1.2999878
1.637146
0.93814087
1.1468811
-1.6893005
-1.6900635
-1.6897888
-1.6900635
-1.4363708
-1.5151978
-1.5950623
-1.6401978
-1.0379639
-1.230072
-1.5511475
-1.6528931
-1.688324
-1.6890259
-1.6897888
-1.6900635
-1.6893005
-1.6900635
-1.6897888
-1.6900635
-1.6893005
-1.6900635
-1.6897888
-1.6900635
-1.6893005
-1.6900635
-1.6897888
-1.6900635
-1.6893005
-1.6900635
-1.6897888
-1.6851501
-1.6893005
-1.6900635
-1.6673279
-1.4947205
-1.6893005
-1.6880493
-1.481781
-1.1285095
-1.6893005
-1.6763306
-1.3167725
-0.838501
-1.6893005
-1.6842041
-1.2210693
-0.7280884
-1.680542
-1.5728455
-0.778656
-0.3189392
-1.2352295
-0.50839233
-0.40368652
-0.18707275
-1.3103943
-0.8619385
-1.0559998
-0.22320557
-1.6111755
-1.4508057
-0.58724976
-0.30718994
-0.69125366
-0.23693848
-0.4281006
0.1078186
-0.3289795
0.27774048
-0.22296143
0.094177246
-0.22540283
0.080444336
-0.19467163
-0.07284546
-0.13949585
0.20547485
-0.09310913
0.7689514
0.65444946
0.6839905
0.5465698
1.0335999
-1.673706
-1.6831665
-1.6897888
-1.6861267
-0.87875366
-1.119751
-1.5960388
-1.3482666
-1.6482544
-1.6255798
-1.677124
-1.3101196
-1.6893005
-1.6900635
-1.6897888
-1.6783447
-1.6893005
-1.6900635
-1.6897888
-1.6900635
-1.6893005
-1.6900635
-1.6897888
-1.6900635
-1.6893005
-1.6900635
-1.6897888
-1.6880493
-1.6893005
-1.6900635
-1.6800232
-1.6343384
-1.6893005
-1.6900635
-1.5472107
-1.4673462
-1.6893005
-1.6900635
-1.4798279
-1.261322
-1.6893005
-1.6802673
-1.3538513
-1.1158142
-1.6629333
-1.393158
-0.41830444
-0.5982666
-1.2059326
-0.49179077
-0.21228027
-0.41558838
-1.0389099
-0.64120483
-0.23080444
-0.10992432
-0.5467224
-0.31698608
-0.26791382
0.12243652
-0.4871521
-0.04257202
-0.263031
0.19085693
-0.1296997
0.42523193
0.18621826
0.52285767
0.27947998
0.72406006
0.50650024
0.614624
0.37420654
0.5003662
0.4947815
0.7914429
0.83709717
0.70254517
0.57385254
0.8383179
-1.6893005
-1.6900635
-1.6897888
-1.6900635
-1.6893005
-1.6900635
-1.6897888
-1.6900635
-1.688324
-1.6890259
-1.6897888
-1.6235962
-0.39242554
-1.151947
-1.2562256
-0.22418213
-1.4344482
-1.6226196
-1.6370544
-1.3326111
-1.6893005
-1.6900635
-1.6897888
-1.6763306
-1.6893005
-1.6900635
-1.6897888
-1.6900635
-1.6893005
-1.6900635
-1.6897888
-1.6900635
-1.6893005
-1.6900635
-1.6897888
-1.6900635
-1.6893005
-1.6900635
-1.6897888
-1.6900635
-1.6893005
-1.6900635
-1.6858826
-1.6109009
-1.6893005
-1.6900635
-1.3059998
-1.1148376
-1.673706
-1.6148376
-0.35287476
-0.6079712
-0.9871216
-0.6079712
0.101257324
-0.284729
-0.47833252
-0.5406189
-0.032562256
0.10687256
-0.2713318
0.017028809
-0.0032653809
0.4730835
-0.09460449
-0.16073608
0.1852417
0.6762085
0.055786133
-0.13046265
0.28875732
0.5970459
0.20913696
0.24551392
0.25061035
0.4827881
0.19451904
0.5970459
0.41271973
0.6859436
0.41619873
0.69958496
0.78970337
1.1283264
-1.6893005
-1.6900635
-1.6897888
-1.6900635
-1.688324
-1.6900635
-1.6897888
-1.6255798
-1.6893005
-1.6900635
-1.6897888
-1.6900635
-1.6893005
-1.6900635
-1.6897888
-1.6900635
-1.6893005
-1.6900635
-1.6897888
-1.6900635
-1.6893005
-1.6900635
-1.6897888
-1.6900635
-1.6893005
-1.6861267
-1.6546326
-1.2886963
-1.6795654
-1.6490479
-1.2893982
-0.41558838
-1.610199
-1.2955017
-0.2034607
-0.18612671
-0.74594116
-0.53378296
0.07678223
0.08831787
-0.38952637
-0.44586182
-0.0178833
-0.017181396
-0.4090271
-0.1499939
0.038726807
0.36853027
-0.10144043
0.007232666
0.1852417
0.7182007
0.044128418
-0.08456421
0.6139221
1.0394592
-0.050598145
0.42907715
0.8560791
1.05896
0.21789551
0.7455139
0.82092285
0.86465454
0.51971436
0.9057007
1.0826721
1.3216858
-1.6893005
-1.6900635
-1.6897888
-1.6900635
-1.6893005
-1.6900635
-1.6897888
-1.6900635
-1.6893005
-1.6900635
-1.6888428
-1.6900635
-1.6854248
-1.588501
-1.0677185
-1.1158142
-1.603363
-1.0093689
-0.35873413
-0.42538452
-1.4832458
-0.61383057
-0.10284424
-0.36871338
-0.9343872
-0.41070557
-0.014038086
-0.14315796
-0.63946533
-0.3531189
0.040649414
0.09609985
-0.4071045
-0.23886108
0.016235352
0.27282715
-0.13555908
-0.05621338
-0.018859863
0.66345215
0.13198853
0.11657715
0.31314087
0.4984436
0.46398926
0.56973267
0.5993042
0.99160767
0.56362915
0.94085693
0.8961487
1.1351624
0.75994873
1.005249
1.2633362
1.3695374
-1.6651611
0.4750061
0.621521
0.801178
-1.6865845
-1.1939392
-0.667572
-0.37167358
-1.6885986
-1.4800415
-0.35214233
-0.59820557
-1.6895447
-1.690033
-1.1235962
-1.3111267
-1.6895447
-1.690033
-1.690033
-1.690033
-1.687561
-1.690033
-1.690033
-1.6812134
-1.6309509
-1.6851501
-1.4185486
-0.7857361
-1.5029907
-1.6656494
-0.99765015
-0.4830017
-0.8497009
-1.4673462
-0.9351196
-0.6226196
-0.4991455
-0.8843994
-0.6295166
-0.3873291
-0.23446655
-0.67245483
-0.107940674
-0.06011963
-0.23736572
-0.3999939
0.2581787
0.12445068
-0.10064697
-0.03186035
0.33242798
0.2640381
0.1942749
0.42910767
0.46038818
0.66937256
0.030212402
0.3793335
0.38220215
0.8685913
0.00088500977
0.4173584
0.59124756
1.1575928
0.813385
0.8744507
1.4339905
1.7279663
1.4852905
1.324646
1.6712952
2.0170288
-0.14465332
1.0346069
1.2670288
1.2396545
-0.39752197
0.64398193
1.2601929
1.1253967
-1.1758728
0.117614746
0.8236389
0.6791382
-1.6895447
-0.9156189
-0.808197
-1.1090088
-1.6895447
-1.690033
-1.690033
-1.690033
-1.6895447
-1.690033
-1.690033
-1.690033
-1.4639893
-1.5757141
-1.4028931
-1.0064087
-0.7871704
-0.83847046
-0.5249939
-0.16268921
-0.3477478
-0.33843994
-0.07672119
0.24060059
-0.058654785
0.057006836
0.037506104
0.2670288
-0.21496582
-0.05038452
0.10494995
0.3793335
-0.3927002
-0.1578064
0.277771
0.33532715
-0.23254395
0.054107666
0.35290527
0.5482178
0.0018615723
0.42034912
0.51016235
0.8822632
0.41986084
0.74746704
0.7328491
1.395935
1.3134155
1.0756226
1.3167725
1.8968506
1.4862366
0.9613342
1.8226929
1.8323975
1.3924866
1.0648804
2.0570068
1.8578491
0.56243896
1.3207092
1.4534912
1.6098022
0.3241577
1.3509827
1.7953186
2.003296
-1.0567322
-0.10699463
0.394989
0.73968506
-1.6895447
-1.6860962
-1.6656494
-1.3882751
-1.6895447
-1.690033
-1.690033
-1.690033
-1.6895447
-1.690033
-1.690033
-1.690033
-1.3760681
-1.6812134
-1.5435486
-1.2681885
-0.6543884
-0.75546265
-0.58551025
-0.12658691
-0.11630249
-0.109954834
0.06680298
0.449646
-0.066467285
-0.04647827
0.082458496
0.5014343
-0.026489258
0.017028809
0.08831787
0.5218811
0.037994385
0.12243652
0.35876465
0.4466858
0.20303345
0.21331787
0.5619507
0.47210693
0.46673584
0.4515686
0.76016235
0.74938965
0.53601074
0.5765686
0.78656006
0.79626465
0.65618896
0.84902954
0.9037781
0.973999
1.0175171
0.9164429
1.1615295
1.2250366
1.312439
1.0717163
1.7425842
1.7718811
0.50286865
1.317749
1.0091553
1.4906616
0.63275146
1.5971069
1.3314819
1.8616943
-0.8428955
-0.15194702
-0.45562744
0.08831787
-1.6895447
-1.690033
-1.690033
-1.6870728
-1.6895447
-1.690033
-1.690033
-1.690033
-1.6895447
-1.690033
-1.690033
-1.690033
-1.5938721
-1.6783142
-1.5709229
-1.4224854
-0.9278259
-1.0279236
-0.6343384
-0.36386108
-0.24908447
-0.46444702
-0.1831665
0.49163818
-0.10852051
0.08929443
-0.016204834
0.6264038
-0.15435791
0.04824829
0.1605835
0.5580139
0.05758667
0.18890381
0.117614746
0.5326538
0.30169678
0.23474121
0.25231934
0.4857788
0.3661499
0.51208496
0.56781006
0.61172485
0.62786865
0.676178
0.98965454
1.2171631
1.3944092
0.88513184
1.3685608
2.0159912
1.7606201
0.9437561
1.2914124
2.24646
2.072174
1.2865295
1.6712952
2.3070679
-0.023498535
0.64004517
0.19180298
0.41833496
0.30459595
0.8685913
0.25723267
0.96813965
-0.66708374
-0.0640564
-0.5298767
-0.029846191
-1.6856384
-1.55719
-1.6636353
-1.5747681
-1.6895447
-1.690033
-1.690033
-1.690033
-1.6895447
-1.690033
-1.690033
-1.690033
-1.6895447
-1.690033
-1.690033
-1.690033
-1.6895447
-1.6832275
-1.6450806
-1.3472595
-1.436615
-1.4800415
-1.072876
-0.72424316
-0.21688843
-0.79745483
-0.4927063
-0.15878296
0.01550293
0.13223267
0.23770142
0.4076538
0.14059448
0.018005371
0.21331787
0.6390991
0.18447876
0.027709961
0.17816162
0.7026062
0.29382324
0.06777954
0.24749756
0.5189209
0.5057678
0.4701233
0.5296936
0.49450684
0.81240845
0.88812256
0.7982788
0.5922241
1.3427124
1.1751709
0.9622803
1.2435608
2.0009155
1.1507874
1.263092
1.934021
2.4999084
1.6322632
2.1361694
2.303131
-1.6807251
-1.5932922
-1.6685181
-1.6895447
-1.6724548
-1.6890869
-1.5904236
-1.687561
-1.6715088
-1.6851501
-1.6236572
-1.6895447
-1.6890869
-1.690033
-1.6890869
-1.6895447
-1.690033
-1.690033
-1.690033
-1.6895447
-1.690033
-1.690033
-1.690033
-1.6895447
-1.690033
-1.690033
-1.690033
-1.6895447
-1.690033
-1.690033
-1.690033
-1.6895447
-1.690033
-1.6890869
-1.6773682
-1.1416626
-1.3901978
-0.79159546
-0.37561035
-0.02935791
-0.2154541
0.52093506
0.5657959
0.33389282
0.22012329
0.76504517
0.62054443
0.48529053
0.44378662
0.629303
0.87246704
0.4315796
0.5599365
0.5247803
0.64398193
0.32025146
0.7064514
0.51794434
0.60202026
0.21185303
0.5003662
0.63323975
0.7523804
0.2772827
0.5560913
0.61660767
0.61364746
0.66589355
0.9154053
0.76504517
1.4691467
1.7684937
1.4017944
1.1586304
1.8773499
2.2499084
1.676178
2.1868896
2.2650757
-1.6319275
-1.3794556
-1.3970337
-1.3882751
-1.6895447
-1.6890869
-1.690033
-1.6480408
-1.6895447
-1.690033
-1.690033
-1.6665955
-1.6895447
-1.690033
-1.690033
-1.690033
-1.6895447
-1.690033
-1.690033
-1.690033
-1.6895447
-1.690033
-1.690033
-1.690033
-1.6895447
-1.690033
-1.690033
-1.690033
-1.6895447
-1.690033
-1.690033
-1.690033
-1.6895447
-1.690033
-1.690033
-1.690033
-1.6895447
-1.690033
-1.6880188
-1.6821594
-1.3067322
-1.1646423
-0.6821594
-0.425354
-0.12023926
0.12243652
0.6722412
0.81192017
0.67858887
0.6410217
0.927124
1.0414429
0.6463928
0.8294983
0.8841858
1.1087952
0.727478
0.8002014
0.973999
1.410553
0.70596313
0.81192017
0.9467163
1.2914124
0.70596313
0.68981934
0.79626465
1.0707397
0.7245178
0.73968506
1.2025452
1.2084045
1.4686584
1.4466858
1.0970764
1.4534912
1.7186584
1.7748413
1.3997803
1.894928
2.0057983
2.2044678
1.6986694
2.324646
-1.6895447
-1.6743774
-1.5240173
-0.41171265
-1.6895447
-1.690033
-1.6821594
-0.9067688
-1.6895447
-1.690033
-1.690033
-1.690033
-1.6895447
-1.6890869
-1.6890869
-1.6890869
-1.6895447
-1.690033
-1.690033
-1.6890869
-1.6895447
-1.690033
-1.690033
-1.690033
-1.6895447
-1.690033
-1.690033
-1.690033
-1.6895447
-1.690033
-1.690033
-1.690033
-1.6807251
-1.6851501
-1.6763
-1.6724548
-0.6963806
-0.8218384
-0.5864868
-0.69781494
0.0077209473
0.15863037
0.5394592
0.7387085
0.46865845
0.41448975
0.840271
1.1830444
1.1766968
1.004364
1.1605835
1.4935608
0.9774475
0.94277954
1.184021
1.302185
0.84854126
0.96917725
1.1273499
0.96813965
1.3231201
1.3676147
1.2455139
1.5453186
1.7509155
1.5716553
1.637085
1.7660217
2.05365
1.7338257
2.0180054
1.8588257
2.3183289
2.0482788
1.9867859
2.0765991
2.2684631
2.4838562
2.0326233
2.355896
-0.35754395
-0.18508911
-0.31988525
0.14202881
-0.960022
0.22302246
-0.17346191
0.8656311
-0.819458
0.30410767
0.06976318
1.3216858
0.4354248
0.4173584
0.20352173
0.84317017
-1.2149658
-0.2984619
-0.6860962
0.4154358
-1.6885986
-1.4771423
-1.33844
-0.7456665
-1.6895447
-1.690033
-1.690033
-1.6870728
-1.6895447
-1.690033
-1.690033
-1.690033
-1.6895447
-1.690033
-1.690033
-1.690033
-1.6895447
-1.6890869
-1.6890869
-1.6821594
-1.0264893
-0.9302368
-1.0054321
-0.769104
-0.11437988
0.10101318
0.40863037
0.6488037
0.2597046
0.46038818
0.9760132
1.2953491
0.7987671
0.73672485
1.1498108
1.2719116
0.8925171
1.0189514
1.2963257
1.3704834
0.9559326
1.0648804
1.1683655
1.1371155
1.4901733
1.4867249
1.6312256
1.4369507
2.2479858
1.6830139
1.6576538
1.8304749
2.3202515
1.7533264
1.8832092
1.7445679
2.3631897
2.1117554
2.0297241
2.0853577
2.4979858
2.3978577
2.794342
2.4808655
0.018493652
0.30899048
0.18795776
0.7250061
-0.09286499
0.92126465
0.14105225
1.528717
-1.6895447
-1.690033
-1.6870728
-1.5367126
-1.6895447
-1.690033
-1.690033
-1.6890869
-1.6895447
-1.690033
-1.690033
-1.690033
-1.6895447
-1.690033
-1.6880188
-1.6773682
-1.265686
-0.87268066
-0.4673462
0.4008484
-0.2696228
0.15374756
0.20352173
0.8578491
-0.15731812
0.61468506
0.7357483
1.2963257
0.51556396
0.9701538
1.1791077
1.2670288
0.8583374
1.5903015
1.6654358
1.614685
0.83883667
1.8177795
1.6722412
1.5765686
1.7225952
1.6117249
1.3422241
1.5189209
1.9052124
1.4877014
1.2738342
1.3578186
2.3573303
1.8490295
1.8568726
1.5228577
2.2304077
2.199585
2.066803
1.8939819
2.373932
2.475006
2.2972717
2.3822021
-1.6895447
-1.690033
-1.690033
-1.690033
-1.6895447
-1.690033
-1.690033
-1.690033
-1.6895447
-1.690033
-1.690033
-1.690033
-0.9590454
-0.51815796
-0.5444946
-0.6148071
0.021362305
0.8470764
0.6918335
1.1332092
-0.27453613
1.1029358
1.1273499
1.5316772
-0.25109863
1.22406
1.3822021
1.4867249
0.10928345
0.973053
1.7073975
1.7015381
0.31829834
1.4584045
1.7514038
1.622467
1.9891663
1.6898193
1.6635132
1.4281311
2.4803772
1.7347717
1.6166077
1.6576538
2.5682983
1.7884827
1.9359436
1.8998413
2.52536
1.8392944
1.934021
1.9291382
2.3554077
2.0863037
2.256256
2.2621155
